0.00000000 0.00000000 1.00000000
0.00000000 0.01333215 0.99991112
0.00000000 0.02701716 0.99963497
0.00000000 0.04106123 0.99915663
0.00000000 0.05547002 0.99846035
0.00000000 0.07024856 0.99752952
0.00000000 0.08540114 0.99634665
0.00000000 0.10093122 0.99489341
0.00000000 0.11684125 0.99315060
0.00000000 0.13313260 0.99109823
0.00000000 0.14980538 0.98871550
0.00000000 0.16685830 0.98598089
0.00000000 0.18428854 0.98287219
0.00000000 0.20209153 0.97936664
0.00000000 0.22026087 0.97544100
0.00000000 0.23878812 0.97107169
0.00000000 0.25766265 0.96623494
0.00000000 0.27687150 0.96090695
0.00000000 0.29639921 0.95506414
0.00000000 0.31622777 0.94868330
0.00000000 0.33633640 0.94174191
0.00000000 0.35670157 0.93421839
0.00000000 0.37729689 0.92609236
0.00000000 0.39809312 0.91734501
0.00000000 0.41905818 0.90795938
0.00000000 0.44015722 0.89792072
0.00000000 0.46135274 0.88721680
0.00000000 0.48260475 0.87583826
0.00000000 0.50387103 0.86377890
0.00000000 0.52510733 0.85103601
0.00000000 0.54626778 0.83761060
0.00000000 0.56730524 0.82350760
0.00000000 0.58817170 0.80873608
0.00000000 0.60881879 0.79330933
0.00000000 0.62919823 0.77724487
0.00000000 0.64926238 0.76056450
0.00000000 0.66896473 0.74329415
0.00000000 0.68826043 0.72546370
0.00000000 0.70710678 0.70710678
0.00000000 0.72546370 0.68826043
0.00000000 0.74329415 0.66896473
0.00000000 0.76056450 0.64926238
0.00000000 0.77724487 0.62919823
0.00000000 0.79330933 0.60881879
0.00000000 0.80873608 0.58817170
0.00000000 0.82350760 0.56730524
0.00000000 0.83761060 0.54626778
0.00000000 0.85103601 0.52510733
0.00000000 0.86377890 0.50387103
0.00000000 0.87583826 0.48260475
0.00000000 0.88721680 0.46135274
0.00000000 0.89792072 0.44015722
0.00000000 0.90795938 0.41905818
0.00000000 0.91734501 0.39809312
0.00000000 0.92609236 0.37729689
0.00000000 0.93421839 0.35670157
0.00000000 0.94174191 0.33633640
0.00000000 0.94868330 0.31622777
0.00000000 0.95506414 0.29639921
0.00000000 0.96090695 0.27687150
0.00000000 0.96623494 0.25766265
0.00000000 0.97107169 0.23878812
0.00000000 0.97544100 0.22026087
0.00000000 0.97936664 0.20209153
0.00000000 0.98287219 0.18428854
0.00000000 0.98598089 0.16685830
0.00000000 0.98871550 0.14980538
0.00000000 0.99109823 0.13313260
0.00000000 0.99315060 0.11684125
0.00000000 0.99489341 0.10093122
0.00000000 0.99634665 0.08540114
0.00000000 0.99752952 0.07024856
0.00000000 0.99846035 0.05547002
0.00000000 0.99915663 0.04106123
0.00000000 0.99963497 0.02701716
0.00000000 0.99991112 0.01333215
0.00000000 1.00000000 0.00000000
0.01333215 0.00000000 0.99991112
0.01351105 0.01351105 0.99981743
0.01369221 0.02738442 0.99953120
0.01387551 0.04162654 0.99903689
0.01406082 0.05624327 0.99831808
0.01424796 0.07123982 0.99735745
0.01443676 0.08662059 0.99613676
0.01462701 0.10238909 0.99463688
0.01481847 0.11854779 0.99283777
0.01501089 0.13509798 0.99071853
0.01520396 0.15203961 0.98825745
0.01539738 0.16937113 0.98543206
0.01559078 0.18708937 0.98221917
0.01578379 0.20518928 0.97859503
0.01597599 0.22366386 0.97453540
0.01616693 0.24250393 0.97001571
0.01635612 0.26169796 0.96501122
0.01654306 0.28123194 0.95949722
0.01672718 0.30108924 0.95344925
0.01690792 0.32125042 0.94684333
0.01708466 0.34169318 0.93965626
0.01725678 0.36239229 0.93186589
0.01742361 0.38331947 0.92345146
0.01758450 0.40444347 0.91439393
0.01773875 0.42573004 0.90467633
0.01788568 0.44714206 0.89428412
0.01802460 0.46863966 0.88320552
0.01815483 0.49018044 0.87143189
0.01827570 0.51171970 0.85895806
0.01838658 0.53321077 0.84578260
0.01848685 0.55460540 0.83190810
0.01857594 0.57585415 0.81734138
0.01865334 0.59690690 0.80209364
0.01871858 0.61771330 0.78618057
0.01877128 0.63822340 0.76962233
0.01881109 0.65838809 0.75244353
0.01883777 0.67815974 0.73467306
0.01885115 0.69749272 0.71634387
0.01885115 0.71634387 0.69749272
0.01883777 0.73467306 0.67815974
0.01881109 0.75244353 0.65838809
0.01877128 0.76962233 0.63822340
0.01871858 0.78618057 0.61771330
0.01865334 0.80209364 0.59690690
0.01857594 0.81734138 0.57585415
0.01848685 0.83190810 0.55460540
0.01838658 0.84578260 0.53321077
0.01827570 0.85895806 0.51171970
0.01815483 0.87143189 0.49018044
0.01802460 0.88320552 0.46863966
0.01788568 0.89428412 0.44714206
0.01773875 0.90467633 0.42573004
0.01758450 0.91439393 0.40444347
0.01742361 0.92345146 0.38331947
0.01725678 0.93186589 0.36239229
0.01708466 0.93965626 0.34169318
0.01690792 0.94684333 0.32125042
0.01672718 0.95344925 0.30108924
0.01654306 0.95949722 0.28123194
0.01635612 0.96501122 0.26169796
0.01616693 0.97001571 0.24250393
0.01597599 0.97453540 0.22366386
0.01578379 0.97859503 0.20518928
0.01559078 0.98221917 0.18708937
0.01539738 0.98543206 0.16937113
0.01520396 0.98825745 0.15203961
0.01501089 0.99071853 0.13509798
0.01481847 0.99283777 0.11854779
0.01462701 0.99463688 0.10238909
0.01443676 0.99613676 0.08662059
0.01424796 0.99735745 0.07123982
0.01406082 0.99831808 0.05624327
0.01387551 0.99903689 0.04162654
0.01369221 0.99953120 0.02738442
0.01351105 0.99981743 0.01351105
0.01333215 0.99991112 0.00000000
0.02701716 0.00000000 0.99963497
0.02738442 0.01369221 0.99953120
0.02775637 0.02775637 0.99922929
0.02813276 0.04219914 0.99871306
0.02851330 0.05702659 0.99796541
0.02889763 0.07224408 0.99696826
0.02928537 0.08785611 0.99570260
0.02967607 0.10386626 0.99414845
0.03006924 0.12027696 0.99228489
0.03046431 0.13708940 0.99009011
0.03086067 0.15430335 0.98754144
0.03125763 0.17191698 0.98461541
0.03165445 0.18992668 0.98128785
0.03205029 0.20832691 0.97753398
0.03244428 0.22710999 0.97332853
0.03283546 0.24626591 0.96864593
0.03322277 0.26578220 0.96346047
0.03360514 0.28564370 0.95774651
0.03398138 0.30583245 0.95147873
0.03435027 0.32632756 0.94463241
0.03471051 0.34710507 0.93718368
0.03506075 0.36813789 0.92910992
0.03539962 0.38939578 0.92039002
0.03572568 0.41084532 0.91100483
0.03603750 0.43244998 0.90093746
0.03633362 0.45417026 0.89017371
0.03661260 0.47596382 0.87870243
0.03687302 0.49778572 0.86651588
0.03711348 0.51958873 0.85361006
0.03733267 0.54132371 0.83998507
0.03752933 0.56293997 0.82564529
0.03770231 0.58438579 0.81059964
0.03785056 0.60560893 0.79486172
0.03797316 0.62655718 0.77844983
0.03806935 0.64717894 0.76138699
0.03813850 0.66742381 0.74370082
0.03818018 0.68724319 0.72542337
0.03819410 0.70659083 0.70659083
0.03818018 0.72542337 0.68724319
0.03813850 0.74370082 0.66742381
0.03806935 0.76138699 0.64717894
0.03797316 0.77844983 0.62655718
0.03785056 0.79486172 0.60560893
0.03770231 0.81059964 0.58438579
0.03752933 0.82564529 0.56293997
0.03733267 0.83998507 0.54132371
0.03711348 0.85361006 0.51958873
0.03687302 0.86651588 0.49778572
0.03661260 0.87870243 0.47596382
0.03633362 0.89017371 0.45417026
0.03603750 0.90093746 0.43244998
0.03572568 0.91100483 0.41084532
0.03539962 0.92039002 0.38939578
0.03506075 0.92910992 0.36813789
0.03471051 0.93718368 0.34710507
0.03435027 0.94463241 0.32632756
0.03398138 0.95147873 0.30583245
0.03360514 0.95774651 0.28564370
0.03322277 0.96346047 0.26578220
0.03283546 0.96864593 0.24626591
0.03244428 0.97332853 0.22710999
0.03205029 0.97753398 0.20832691
0.03165445 0.98128785 0.18992668
0.03125763 0.98461541 0.17191698
0.03086067 0.98754144 0.15430335
0.03046431 0.99009011 0.13708940
0.03006924 0.99228489 0.12027696
0.02967607 0.99414845 0.10386626
0.02928537 0.99570260 0.08785611
0.02889763 0.99696826 0.07224408
0.02851330 0.99796541 0.05702659
0.02813276 0.99871306 0.04219914
0.02775637 0.99922929 0.02775637
0.02738442 0.99953120 0.01369221
0.02701716 0.99963497 0.00000000
0.04106123 0.00000000 0.99915663
0.04162654 0.01387551 0.99903689
0.04219914 0.02813276 0.99871306
0.04277864 0.04277864 0.99816831
0.04336456 0.05781941 0.99738480
0.04395634 0.07326056 0.99634368
0.04455336 0.08910673 0.99502512
0.04515492 0.10536148 0.99340827
0.04576021 0.12202724 0.99147131
0.04636835 0.13910505 0.98919147
0.04697834 0.15659446 0.98654509
0.04758908 0.17449330 0.98350769
0.04819938 0.19279752 0.98005405
0.04880792 0.21150098 0.97615835
0.04941327 0.23059526 0.97179430
0.05001389 0.25006947 0.96693530
0.05060814 0.26991008 0.96155466
0.05119424 0.29010070 0.95562583
0.05177033 0.31062196 0.94912266
0.05233443 0.33145137 0.94201969
0.05288448 0.35256320 0.93429247
0.05341834 0.37392840 0.92591794
0.05393381 0.39551461 0.91687477
0.05442863 0.41728613 0.90714376
0.05490051 0.43920405 0.89670828
0.05534716 0.46122635 0.88555460
0.05576632 0.48330811 0.87367236
0.05615575 0.50540179 0.86105491
0.05651331 0.52745758 0.84769968
0.05683694 0.54942377 0.83360847
0.05712473 0.57124725 0.81878773
0.05737491 0.59287405 0.80324871
0.05758592 0.61424985 0.78700762
0.05775642 0.63532064 0.77008563
0.05788529 0.65603334 0.75250883
0.05797169 0.67633639 0.73430809
0.05801503 0.69618041 0.71551876
0.05801503 0.71551876 0.69618041
0.05797169 0.73430809 0.67633639
0.05788529 0.75250883 0.65603334
0.05775642 0.77008563 0.63532064
0.05758592 0.78700762 0.61424985
0.05737491 0.80324871 0.59287405
0.05712473 0.81878773 0.57124725
0.05683694 0.83360847 0.54942377
0.05651331 0.84769968 0.52745758
0.05615575 0.86105491 0.50540179
0.05576632 0.87367236 0.48330811
0.05534716 0.88555460 0.46122635
0.05490051 0.89670828 0.43920405
0.05442863 0.90714376 0.41728613
0.05393381 0.91687477 0.39551461
0.05341834 0.92591794 0.37392840
0.05288448 0.93429247 0.35256320
0.05233443 0.94201969 0.33145137
0.05177033 0.94912266 0.31062196
0.05119424 0.95562583 0.29010070
0.05060814 0.96155466 0.26991008
0.05001389 0.96693530 0.25006947
0.04941327 0.97179430 0.23059526
0.04880792 0.97615835 0.21150098
0.04819938 0.98005405 0.19279752
0.04758908 0.98350769 0.17449330
0.04697834 0.98654509 0.15659446
0.04636835 0.98919147 0.13910505
0.04576021 0.99147131 0.12202724
0.04515492 0.99340827 0.10536148
0.04455336 0.99502512 0.08910673
0.04395634 0.99634368 0.07326056
0.04336456 0.99738480 0.05781941
0.04277864 0.99816831 0.04277864
0.04219914 0.99871306 0.02813276
0.04162654 0.99903689 0.01387551
0.04106123 0.99915663 0.00000000
0.05547002 0.00000000 0.99846035
0.05624327 0.01406082 0.99831808
0.05702659 0.02851330 0.99796541
0.05781941 0.04336456 0.99738480
0.05862104 0.05862104 0.99655765
0.05943071 0.07428838 0.99546433
0.06024752 0.09037128 0.99408413
0.06107048 0.10687334 0.99239533
0.06189845 0.12379689 0.99037514
0.06273015 0.14114283 0.98799981
0.06356417 0.15891043 0.98524468
0.06439896 0.17709715 0.98208420
0.06523281 0.19569842 0.97849211
0.06606383 0.21470745 0.97444152
0.06689001 0.23411502 0.96990509
0.06770914 0.25390926 0.96485520
0.06851887 0.27407548 0.95926419
0.06931670 0.29459597 0.95310462
0.07009996 0.31544984 0.94634951
0.07086587 0.33661287 0.93897274
0.07161149 0.35805744 0.93094934
0.07233379 0.37975242 0.92225589
0.07302967 0.40166321 0.91287093
0.07369595 0.42375171 0.90277538
0.07432941 0.44597649 0.89195298
0.07492686 0.46829291 0.88039066
0.07548514 0.49065338 0.86807906
0.07600114 0.51300770 0.85501283
0.07647191 0.53530338 0.84119102
0.07689464 0.55748617 0.82661743
0.07726674 0.57950056 0.81130078
0.07758585 0.60129031 0.79525493
0.07784989 0.62279916 0.77849894
0.07805714 0.64397140 0.76105711
0.07820619 0.66475260 0.74295879
0.07829603 0.68509026 0.72423827
0.07832604 0.70493440 0.70493440
0.07829603 0.72423827 0.68509026
0.07820619 0.74295879 0.66475260
0.07805714 0.76105711 0.64397140
0.07784989 0.77849894 0.62279916
0.07758585 0.79525493 0.60129031
0.07726674 0.81130078 0.57950056
0.07689464 0.82661743 0.55748617
0.07647191 0.84119102 0.53530338
0.07600114 0.85501283 0.51300770
0.07548514 0.86807906 0.49065338
0.07492686 0.88039066 0.46829291
0.07432941 0.89195298 0.44597649
0.07369595 0.90277538 0.42375171
0.07302967 0.91287093 0.40166321
0.07233379 0.92225589 0.37975242
0.07161149 0.93094934 0.35805744
0.07086587 0.93897274 0.33661287
0.07009996 0.94634951 0.31544984
0.06931670 0.95310462 0.29459597
0.06851887 0.95926419 0.27407548
0.06770914 0.96485520 0.25390926
0.06689001 0.96990509 0.23411502
0.06606383 0.97444152 0.21470745
0.06523281 0.97849211 0.19569842
0.06439896 0.98208420 0.17709715
0.06356417 0.98524468 0.15891043
0.06273015 0.98799981 0.14114283
0.06189845 0.99037514 0.12379689
0.06107048 0.99239533 0.10687334
0.06024752 0.99408413 0.09037128
0.05943071 0.99546433 0.07428838
0.05862104 0.99655765 0.05862104
0.05781941 0.99738480 0.04336456
0.05702659 0.99796541 0.02851330
0.05624327 0.99831808 0.01406082
0.05547002 0.99846035 0.00000000
0.07024856 0.00000000 0.99752952
0.07123982 0.01424796 0.99735745
0.07224408 0.02889763 0.99696826
0.07326056 0.04395634 0.99634368
0.07428838 0.05943071 0.99546433
0.07532649 0.07532649 0.99430973
0.07637372 0.09164846 0.99285831
0.07742870 0.10840018 0.99108738
0.07848994 0.12558390 0.98897321
0.07955573 0.14320031 0.98649103
0.08062419 0.16124838 0.98361512
0.08169324 0.17972513 0.98031887
0.08276059 0.19862541 0.97657495
0.08382374 0.21794172 0.97235538
0.08487998 0.23766394 0.96763177
0.08592638 0.25777915 0.96237548
0.08695981 0.27827139 0.95655790
0.08797692 0.29912152 0.95015071
0.08897417 0.32030701 0.94312619
0.08994785 0.34180181 0.93545759
0.09089407 0.36357627 0.92711950
0.09180883 0.38559707 0.91808825
0.09268800 0.40782720 0.90834240
0.09352741 0.43022607 0.89786310
0.09432283 0.45274961 0.88663465
0.09507009 0.47535046 0.87464485
0.09576506 0.49797830 0.86188553
0.09640374 0.52058017 0.84835288
0.09698231 0.54310093 0.83404785
0.09749720 0.56548374 0.81897645
0.09794512 0.58767071 0.80314998
0.09832314 0.60960347 0.78658513
0.09862873 0.63122387 0.76930410
0.09885980 0.65247469 0.75133449
0.09901475 0.67330033 0.73270918
0.09909250 0.69364753 0.71346603
0.09909250 0.71346603 0.69364753
0.09901475 0.73270918 0.67330033
0.09885980 0.75133449 0.65247469
0.09862873 0.76930410 0.63122387
0.09832314 0.78658513 0.60960347
0.09794512 0.80314998 0.58767071
0.09749720 0.81897645 0.56548374
0.09698231 0.83404785 0.54310093
0.09640374 0.84835288 0.52058017
0.09576506 0.86188553 0.49797830
0.09507009 0.87464485 0.47535046
0.09432283 0.88663465 0.45274961
0.09352741 0.89786310 0.43022607
0.09268800 0.90834240 0.40782720
0.09180883 0.91808825 0.38559707
0.09089407 0.92711950 0.36357627
0.08994785 0.93545759 0.34180181
0.08897417 0.94312619 0.32030701
0.08797692 0.95015071 0.29912152
0.08695981 0.95655790 0.27827139
0.08592638 0.96237548 0.25777915
0.08487998 0.96763177 0.23766394
0.08382374 0.97235538 0.21794172
0.08276059 0.97657495 0.19862541
0.08169324 0.98031887 0.17972513
0.08062419 0.98361512 0.16124838
0.07955573 0.98649103 0.14320031
0.07848994 0.98897321 0.12558390
0.07742870 0.99108738 0.10840018
0.07637372 0.99285831 0.09164846
0.07532649 0.99430973 0.07532649
0.07428838 0.99546433 0.05943071
0.07326056 0.99634368 0.04395634
0.07224408 0.99696826 0.02889763
0.07123982 0.99735745 0.01424796
0.07024856 0.99752952 0.00000000
0.08540114 0.00000000 0.99634665
0.08662059 0.01443676 0.99613676
0.08785611 0.02928537 0.99570260
0.08910673 0.04455336 0.99502512
0.09037128 0.06024752 0.99408413
0.09164846 0.07637372 0.99285831
0.09293673 0.09293673 0.99132514
0.09423438 0.10994011 0.98946099
0.09553946 0.12738595 0.98724112
0.09684981 0.14527471 0.98463972
0.09816300 0.16360500 0.98162999
0.09947636 0.18237333 0.97818425
0.10078697 0.20157394 0.97427405
0.10209162 0.22119850 0.96987036
0.10338683 0.24123593 0.96494372
0.10466885 0.26167214 0.95946450
0.10593368 0.28248982 0.95340314
0.10717704 0.30366828 0.94673051
0.10839441 0.32518322 0.93941819
0.10958104 0.34700664 0.93143888
0.11073202 0.36910674 0.92276684
0.11184224 0.39144784 0.91337829
0.11290649 0.41399046 0.90325192
0.11391949 0.43669137 0.89236932
0.11487594 0.45950375 0.88071552
0.11577059 0.48237746 0.86827942
0.11659831 0.50525935 0.85505428
0.11735415 0.52809368 0.84103809
0.11803342 0.55082263 0.82623395
0.11863176 0.57338685 0.81065037
0.11914522 0.59572610 0.79430147
0.11957032 0.61777998 0.77720707
0.11990412 0.63948861 0.75939273
0.12014426 0.66079343 0.74088960
0.12028904 0.68163790 0.72173425
0.12033742 0.70196827 0.70196827
0.12028904 0.72173425 0.68163790
0.12014426 0.74088960 0.66079343
0.11990412 0.75939273 0.63948861
0.11957032 0.77720707 0.61777998
0.11914522 0.79430147 0.59572610
0.11863176 0.81065037 0.57338685
0.11803342 0.82623395 0.55082263
0.11735415 0.84103809 0.52809368
0.11659831 0.85505428 0.50525935
0.11577059 0.86827942 0.48237746
0.11487594 0.88071552 0.45950375
0.11391949 0.89236932 0.43669137
0.11290649 0.90325192 0.41399046
0.11184224 0.91337829 0.39144784
0.11073202 0.92276684 0.36910674
0.10958104 0.93143888 0.34700664
0.10839441 0.93941819 0.32518322
0.10717704 0.94673051 0.30366828
0.10593368 0.95340314 0.28248982
0.10466885 0.95946450 0.26167214
0.10338683 0.96494372 0.24123593
0.10209162 0.96987036 0.22119850
0.10078697 0.97427405 0.20157394
0.09947636 0.97818425 0.18237333
0.09816300 0.98162999 0.16360500
0.09684981 0.98463972 0.14527471
0.09553946 0.98724112 0.12738595
0.09423438 0.98946099 0.10994011
0.09293673 0.99132514 0.09293673
0.09164846 0.99285831 0.07637372
0.09037128 0.99408413 0.06024752
0.08910673 0.99502512 0.04455336
0.08785611 0.99570260 0.02928537
0.08662059 0.99613676 0.01443676
0.08540114 0.99634665 0.00000000
0.10093122 0.00000000 0.99489341
0.10238909 0.01462701 0.99463688
0.10386626 0.02967607 0.99414845
0.10536148 0.04515492 0.99340827
0.10687334 0.06107048 0.99239533
0.10840018 0.07742870 0.99108738
0.10994011 0.09423438 0.98946099
0.11149098 0.11149098 0.98749153
0.11305037 0.12920042 0.98515322
0.11461557 0.14736288 0.98241918
0.11618357 0.16597653 0.97926154
0.11775104 0.18503736 0.97565151
0.11931433 0.20453885 0.97155954
0.12086944 0.22447182 0.96695552
0.12241205 0.24482410 0.96180895
0.12393749 0.26558034 0.95608921
0.12544078 0.28672178 0.94976588
0.12691660 0.30822603 0.94280904
0.12835936 0.33006694 0.93518965
0.12976320 0.35221440 0.92688000
0.13112201 0.37463432 0.91785410
0.13242953 0.39728859 0.90808821
0.13367935 0.42013509 0.89756133
0.13486500 0.44312784 0.88625569
0.13598002 0.46621721 0.87415728
0.13701805 0.48935018 0.86125632
0.13797289 0.51247074 0.84754777
0.13883861 0.53552037 0.83303168
0.13960964 0.55843856 0.81771360
0.14028084 0.58116349 0.80160482
0.14084764 0.60363273 0.78472255
0.14130605 0.62578394 0.76708999
0.14165282 0.64755573 0.74873631
0.14188541 0.66888838 0.72969642
0.14200214 0.68972470 0.71001072
0.14200214 0.71001072 0.68972470
0.14188541 0.72969642 0.66888838
0.14165282 0.74873631 0.64755573
0.14130605 0.76708999 0.62578394
0.14084764 0.78472255 0.60363273
0.14028084 0.80160482 0.58116349
0.13960964 0.81771360 0.55843856
0.13883861 0.83303168 0.53552037
0.13797289 0.84754777 0.51247074
0.13701805 0.86125632 0.48935018
0.13598002 0.87415728 0.46621721
0.13486500 0.88625569 0.44312784
0.13367935 0.89756133 0.42013509
0.13242953 0.90808821 0.39728859
0.13112201 0.91785410 0.37463432
0.12976320 0.92688000 0.35221440
0.12835936 0.93518965 0.33006694
0.12691660 0.94280904 0.30822603
0.12544078 0.94976588 0.28672178
0.12393749 0.95608921 0.26558034
0.12241205 0.96180895 0.24482410
0.12086944 0.96695552 0.22447182
0.11931433 0.97155954 0.20453885
0.11775104 0.97565151 0.18503736
0.11618357 0.97926154 0.16597653
0.11461557 0.98241918 0.14736288
0.11305037 0.98515322 0.12920042
0.11149098 0.98749153 0.11149098
0.10994011 0.98946099 0.09423438
0.10840018 0.99108738 0.07742870
0.10687334 0.99239533 0.06107048
0.10536148 0.99340827 0.04515492
0.10386626 0.99414845 0.02967607
0.10238909 0.99463688 0.01462701
0.10093122 0.99489341 0.00000000
0.11684125 0.00000000 0.99315060
0.11854779 0.01481847 0.99283777
0.12027696 0.03006924 0.99228489
0.12202724 0.04576021 0.99147131
0.12379689 0.06189845 0.99037514
0.12558390 0.07848994 0.98897321
0.12738595 0.09553946 0.98724112
0.12920042 0.11305037 0.98515322
0.13102436 0.13102436 0.98268267
0.13285444 0.14946125 0.97980153
0.13468701 0.16835876 0.97648079
0.13651798 0.18771222 0.97269058
0.13834289 0.20751434 0.96840025
0.14015689 0.22775494 0.96357861
0.14195469 0.24842070 0.95819415
0.14373061 0.26949490 0.95221532
0.14547859 0.29095719 0.94561086
0.14719218 0.31278339 0.93835016
0.14886459 0.33494532 0.93040366
0.15048871 0.35741068 0.92174333
0.15205718 0.38014296 0.91234311
0.15356246 0.40310146 0.90217946
0.15499685 0.42624134 0.89123190
0.15635262 0.44951379 0.87948349
0.15762208 0.47286624 0.86692145
0.15879769 0.49624278 0.85353758
0.15987215 0.51958450 0.83932881
0.16083855 0.54283009 0.82429755
0.16169042 0.56591646 0.80845208
0.16242190 0.58877939 0.79180677
0.16302783 0.61135436 0.77438219
0.16350382 0.63357732 0.75620519
0.16384638 0.65538554 0.73730873
0.16405296 0.67671845 0.71773169
0.16412199 0.69751845 0.69751845
0.16405296 0.71773169 0.67671845
0.16384638 0.73730873 0.65538554
0.16350382 0.75620519 0.63357732
0.16302783 0.77438219 0.61135436
0.16242190 0.79180677 0.58877939
0.16169042 0.80845208 0.56591646
0.16083855 0.82429755 0.54283009
0.15987215 0.83932881 0.51958450
0.15879769 0.85353758 0.49624278
0.15762208 0.86692145 0.47286624
0.15635262 0.87948349 0.44951379
0.15499685 0.89123190 0.42624134
0.15356246 0.90217946 0.40310146
0.15205718 0.91234311 0.38014296
0.15048871 0.92174333 0.35741068
0.14886459 0.93040366 0.33494532
0.14719218 0.93835016 0.31278339
0.14547859 0.94561086 0.29095719
0.14373061 0.95221532 0.26949490
0.14195469 0.95819415 0.24842070
0.14015689 0.96357861 0.22775494
0.13834289 0.96840025 0.20751434
0.13651798 0.97269058 0.18771222
0.13468701 0.97648079 0.16835876
0.13285444 0.97980153 0.14946125
0.13102436 0.98268267 0.13102436
0.12920042 0.98515322 0.11305037
0.12738595 0.98724112 0.09553946
0.12558390 0.98897321 0.07848994
0.12379689 0.99037514 0.06189845
0.12202724 0.99147131 0.04576021
0.12027696 0.99228489 0.03006924
0.11854779 0.99283777 0.01481847
0.11684125 0.99315060 0.00000000
0.13313260 0.00000000 0.99109823
0.13509798 0.01501089 0.99071853
0.13708940 0.03046431 0.99009011
0.13910505 0.04636835 0.98919147
0.14114283 0.06273015 0.98799981
0.14320031 0.07955573 0.98649103
0.14527471 0.09684981 0.98463972
0.14736288 0.11461557 0.98241918
0.14946125 0.13285444 0.97980153
0.15156585 0.15156585 0.97675769
0.15367225 0.17074694 0.97325758
0.15577557 0.19039236 0.96927020
0.15787044 0.21049392 0.96476382
0.15995103 0.23104038 0.95970621
0.16201102 0.25201714 0.95406488
0.16404359 0.27340598 0.94780740
0.16604149 0.29518487 0.94090176
0.16799701 0.31732769 0.93331674
0.16990207 0.33980414 0.92502239
0.17174822 0.36257957 0.91599050
0.17352672 0.38561494 0.90619512
0.17522865 0.40886685 0.89561310
0.17684494 0.43228762 0.88422468
0.17836651 0.45582552 0.87201404
0.17978439 0.47942503 0.85896985
0.18108982 0.50302727 0.84508582
0.18227439 0.52657047 0.83036112
0.18333019 0.54999057 0.81480084
0.18424991 0.57322195 0.79841629
0.18502701 0.59619816 0.78122517
0.18565582 0.61885275 0.76325172
0.18613166 0.64112017 0.74452665
0.18645093 0.66293663 0.72508694
0.18661118 0.68424099 0.70497556
0.18661118 0.70497556 0.68424099
0.18645093 0.72508694 0.66293663
0.18613166 0.74452665 0.64112017
0.18565582 0.76325172 0.61885275
0.18502701 0.78122517 0.59619816
0.18424991 0.79841629 0.57322195
0.18333019 0.81480084 0.54999057
0.18227439 0.83036112 0.52657047
0.18108982 0.84508582 0.50302727
0.17978439 0.85896985 0.47942503
0.17836651 0.87201404 0.45582552
0.17684494 0.88422468 0.43228762
0.17522865 0.89561310 0.40886685
0.17352672 0.90619512 0.38561494
0.17174822 0.91599050 0.36257957
0.16990207 0.92502239 0.33980414
0.16799701 0.93331674 0.31732769
0.16604149 0.94090176 0.29518487
0.16404359 0.94780740 0.27340598
0.16201102 0.95406488 0.25201714
0.15995103 0.95970621 0.23104038
0.15787044 0.96476382 0.21049392
0.15577557 0.96927020 0.19039236
0.15367225 0.97325758 0.17074694
0.15156585 0.97675769 0.15156585
0.14946125 0.97980153 0.13285444
0.14736288 0.98241918 0.11461557
0.14527471 0.98463972 0.09684981
0.14320031 0.98649103 0.07955573
0.14114283 0.98799981 0.06273015
0.13910505 0.98919147 0.04636835
0.13708940 0.99009011 0.03046431
0.13509798 0.99071853 0.01501089
0.13313260 0.99109823 0.00000000
0.14980538 0.00000000 0.98871550
0.15203961 0.01520396 0.98825745
0.15430335 0.03086067 0.98754144
0.15659446 0.04697834 0.98654509
0.15891043 0.06356417 0.98524468
0.16124838 0.08062419 0.98361512
0.16360500 0.09816300 0.98162999
0.16597653 0.11618357 0.97926154
0.16835876 0.13468701 0.97648079
0.17074694 0.15367225 0.97325758
0.17313584 0.17313584 0.96956071
0.17551965 0.19307161 0.96535807
0.17789202 0.21347042 0.96061689
0.18024602 0.23431983 0.95530392
0.18257419 0.25560386 0.94938577
0.18486847 0.27730270 0.94282918
0.18712030 0.29939248 0.93560149
0.18932061 0.32184504 0.92767100
0.19145990 0.34462781 0.91900750
0.19352825 0.36770367 0.90958277
0.19551547 0.39103094 0.89937117
0.19741115 0.41456341 0.88835017
0.19920477 0.43825049 0.87650098
0.20088585 0.46203746 0.86380916
0.20244408 0.48586580 0.85026515
0.20386947 0.50967367 0.83586482
0.20515248 0.53339646 0.82060994
0.20628425 0.55696747 0.80450857
0.20725667 0.58031867 0.78757534
0.20806259 0.60338152 0.76983160
0.20869597 0.62608790 0.75130548
0.20915194 0.64837100 0.73203177
0.20942695 0.67016625 0.71205164
0.20951887 0.69141227 0.69141227
0.20942695 0.71205164 0.67016625
0.20915194 0.73203177 0.64837100
0.20869597 0.75130548 0.62608790
0.20806259 0.76983160 0.60338152
0.20725667 0.78757534 0.58031867
0.20628425 0.80450857 0.55696747
0.20515248 0.82060994 0.53339646
0.20386947 0.83586482 0.50967367
0.20244408 0.85026515 0.48586580
0.20088585 0.86380916 0.46203746
0.19920477 0.87650098 0.43825049
0.19741115 0.88835017 0.41456341
0.19551547 0.89937117 0.39103094
0.19352825 0.90958277 0.36770367
0.19145990 0.91900750 0.34462781
0.18932061 0.92767100 0.32184504
0.18712030 0.93560149 0.29939248
0.18486847 0.94282918 0.27730270
0.18257419 0.94938577 0.25560386
0.18024602 0.95530392 0.23431983
0.17789202 0.96061689 0.21347042
0.17551965 0.96535807 0.19307161
0.17313584 0.96956071 0.17313584
0.17074694 0.97325758 0.15367225
0.16835876 0.97648079 0.13468701
0.16597653 0.97926154 0.11618357
0.16360500 0.98162999 0.09816300
0.16124838 0.98361512 0.08062419
0.15891043 0.98524468 0.06356417
0.15659446 0.98654509 0.04697834
0.15430335 0.98754144 0.03086067
0.15203961 0.98825745 0.01520396
0.14980538 0.98871550 0.00000000
0.16685830 0.00000000 0.98598089
0.16937113 0.01539738 0.98543206
0.17191698 0.03125763 0.98461541
0.17449330 0.04758908 0.98350769
0.17709715 0.06439896 0.98208420
0.17972513 0.08169324 0.98031887
0.18237333 0.09947636 0.97818425
0.18503736 0.11775104 0.97565151
0.18771222 0.13651798 0.97269058
0.19039236 0.15577557 0.96927020
0.19307161 0.17551965 0.96535807
0.19574317 0.19574317 0.96092103
0.19839958 0.21643591 0.95592526
0.20103274 0.23758414 0.95033658
0.20363388 0.25917040 0.94412073
0.20619363 0.28117313 0.93724376
0.20870198 0.30356651 0.92967245
0.21114838 0.32632023 0.92137477
0.21352180 0.34939931 0.91232043
0.21581077 0.37276406 0.90248140
0.21800351 0.39637002 0.89183254
0.22008805 0.42016810 0.88035221
0.22205237 0.44410473 0.86802289
0.22388451 0.46812216 0.85483178
0.22557282 0.49215887 0.84077140
0.22710604 0.51615009 0.82584014
0.22847357 0.54002844 0.81004266
0.22966561 0.56372469 0.79339031
0.23067337 0.58716857 0.77590133
0.23148919 0.61028968 0.75760099
0.23210677 0.63301847 0.73852154
0.23252125 0.65528715 0.71870204
0.23272932 0.67703075 0.69818796
0.23272932 0.69818796 0.67703075
0.23252125 0.71870204 0.65528715
0.23210677 0.73852154 0.63301847
0.23148919 0.75760099 0.61028968
0.23067337 0.77590133 0.58716857
0.22966561 0.79339031 0.56372469
0.22847357 0.81004266 0.54002844
0.22710604 0.82584014 0.51615009
0.22557282 0.84077140 0.49215887
0.22388451 0.85483178 0.46812216
0.22205237 0.86802289 0.44410473
0.22008805 0.88035221 0.42016810
0.21800351 0.89183254 0.39637002
0.21581077 0.90248140 0.37276406
0.21352180 0.91232043 0.34939931
0.21114838 0.92137477 0.32632023
0.20870198 0.92967245 0.30356651
0.20619363 0.93724376 0.28117313
0.20363388 0.94412073 0.25917040
0.20103274 0.95033658 0.23758414
0.19839958 0.95592526 0.21643591
0.19574317 0.96092103 0.19574317
0.19307161 0.96535807 0.17551965
0.19039236 0.96927020 0.15577557
0.18771222 0.97269058 0.13651798
0.18503736 0.97565151 0.11775104
0.18237333 0.97818425 0.09947636
0.17972513 0.98031887 0.08169324
0.17709715 0.98208420 0.06439896
0.17449330 0.98350769 0.04758908
0.17191698 0.98461541 0.03125763
0.16937113 0.98543206 0.01539738
0.16685830 0.98598089 0.00000000
0.18428854 0.00000000 0.98287219
0.18708937 0.01559078 0.98221917
0.18992668 0.03165445 0.98128785
0.19279752 0.04819938 0.98005405
0.19569842 0.06523281 0.97849211
0.19862541 0.08276059 0.97657495
0.20157394 0.10078697 0.97427405
0.20453885 0.11931433 0.97155954
0.20751434 0.13834289 0.96840025
0.21049392 0.15787044 0.96476382
0.21347042 0.17789202 0.96061689
0.21643591 0.19839958 0.95592526
0.21938173 0.21938173 0.95065415
0.22229847 0.24082334 0.94476849
0.22517599 0.26270532 0.93823328
0.22800342 0.28500428 0.93101397
0.23076923 0.30769231 0.92307692
0.23346127 0.33073680 0.91438997
0.23606684 0.35410026 0.90492290
0.23857283 0.37774032 0.89464812
0.24096580 0.40160966 0.88354126
0.24323214 0.42565624 0.87158183
0.24535825 0.44982345 0.85875386
0.24733069 0.47405050 0.84504654
0.24913644 0.49827288 0.83045480
0.25076303 0.52242297 0.81497984
0.25219881 0.54643076 0.79862957
0.25343316 0.57022461 0.78141892
0.25445668 0.59373225 0.76337004
0.25526138 0.61688166 0.74451235
0.25584086 0.63960215 0.72488244
0.25619045 0.66182533 0.70452373
0.25630730 0.68348613 0.68348613
0.25619045 0.70452373 0.66182533
0.25584086 0.72488244 0.63960215
0.25526138 0.74451235 0.61688166
0.25445668 0.76337004 0.59373225
0.25343316 0.78141892 0.57022461
0.25219881 0.79862957 0.54643076
0.25076303 0.81497984 0.52242297
0.24913644 0.83045480 0.49827288
0.24733069 0.84504654 0.47405050
0.24535825 0.85875386 0.44982345
0.24323214 0.87158183 0.42565624
0.24096580 0.88354126 0.40160966
0.23857283 0.89464812 0.37774032
0.23606684 0.90492290 0.35410026
0.23346127 0.91438997 0.33073680
0.23076923 0.92307692 0.30769231
0.22800342 0.93101397 0.28500428
0.22517599 0.93823328 0.26270532
0.22229847 0.94476849 0.24082334
0.21938173 0.95065415 0.21938173
0.21643591 0.95592526 0.19839958
0.21347042 0.96061689 0.17789202
0.21049392 0.96476382 0.15787044
0.20751434 0.96840025 0.13834289
0.20453885 0.97155954 0.11931433
0.20157394 0.97427405 0.10078697
0.19862541 0.97657495 0.08276059
0.19569842 0.97849211 0.06523281
0.19279752 0.98005405 0.04819938
0.18992668 0.98128785 0.03165445
0.18708937 0.98221917 0.01559078
0.18428854 0.98287219 0.00000000
0.20209153 0.00000000 0.97936664
0.20518928 0.01578379 0.97859503
0.20832691 0.03205029 0.97753398
0.21150098 0.04880792 0.97615835
0.21470745 0.06606383 0.97444152
0.21794172 0.08382374 0.97235538
0.22119850 0.10209162 0.96987036
0.22447182 0.12086944 0.96695552
0.22775494 0.14015689 0.96357861
0.23104038 0.15995103 0.95970621
0.23431983 0.18024602 0.95530392
0.23758414 0.20103274 0.95033658
0.24082334 0.22229847 0.94476849
0.24402659 0.24402659 0.93856382
0.24718224 0.26619626 0.93168691
0.25027783 0.28878211 0.92410275
0.25330016 0.31175405 0.91577751
0.25623537 0.33507702 0.90667901
0.25906902 0.35871096 0.89677739
0.26178624 0.38261066 0.88604574
0.26437185 0.40672592 0.87446072
0.26681055 0.43100165 0.86200331
0.26908713 0.45537822 0.84865941
0.27118667 0.47979180 0.83442053
0.27309478 0.50417498 0.81928434
0.27479784 0.52845738 0.80325522
0.27628324 0.55256648 0.78634461
0.27753965 0.57642851 0.76857135
0.27855722 0.59996939 0.74996174
0.27932778 0.62311581 0.73054957
0.27984505 0.64579627 0.71037590
0.28010477 0.66794214 0.68948866
0.28010477 0.68948866 0.66794214
0.27984505 0.71037590 0.64579627
0.27932778 0.73054957 0.62311581
0.27855722 0.74996174 0.59996939
0.27753965 0.76857135 0.57642851
0.27628324 0.78634461 0.55256648
0.27479784 0.80325522 0.52845738
0.27309478 0.81928434 0.50417498
0.27118667 0.83442053 0.47979180
0.26908713 0.84865941 0.45537822
0.26681055 0.86200331 0.43100165
0.26437185 0.87446072 0.40672592
0.26178624 0.88604574 0.38261066
0.25906902 0.89677739 0.35871096
0.25623537 0.90667901 0.33507702
0.25330016 0.91577751 0.31175405
0.25027783 0.92410275 0.28878211
0.24718224 0.93168691 0.26619626
0.24402659 0.93856382 0.24402659
0.24082334 0.94476849 0.22229847
0.23758414 0.95033658 0.20103274
0.23431983 0.95530392 0.18024602
0.23104038 0.95970621 0.15995103
0.22775494 0.96357861 0.14015689
0.22447182 0.96695552 0.12086944
0.22119850 0.96987036 0.10209162
0.21794172 0.97235538 0.08382374
0.21470745 0.97444152 0.06606383
0.21150098 0.97615835 0.04880792
0.20832691 0.97753398 0.03205029
0.20518928 0.97859503 0.01578379
0.20209153 0.97936664 0.00000000
0.22026087 0.00000000 0.97544100
0.22366386 0.01597599 0.97453540
0.22710999 0.03244428 0.97332853
0.23059526 0.04941327 0.97179430
0.23411502 0.06689001 0.96990509
0.23766394 0.08487998 0.96763177
0.24123593 0.10338683 0.96494372
0.24482410 0.12241205 0.96180895
0.24842070 0.14195469 0.95819415
0.25201714 0.16201102 0.95406488
0.25560386 0.18257419 0.94938577
0.25917040 0.20363388 0.94412073
0.26270532 0.22517599 0.93823328
0.26619626 0.24718224 0.93168691
0.26962993 0.26962993 0.92444546
0.27299215 0.29249159 0.91647365
0.27626796 0.31573482 0.90773759
0.27944167 0.33932203 0.89820538
0.28249701 0.36321044 0.88784774
0.28541725 0.38735199 0.87663871
0.28818544 0.41169348 0.86455632
0.29078454 0.43617682 0.85158331
0.29319774 0.46073930 0.83770782
0.29540862 0.48531416 0.82292401
0.29740150 0.50983115 0.80723265
0.29916169 0.53421730 0.79064161
0.30067575 0.55839781 0.77316620
0.30193176 0.58229698 0.75482941
0.30291963 0.60583925 0.73566195
0.30363121 0.62895036 0.71570213
0.30406057 0.65155836 0.69499559
0.30420410 0.67359478 0.67359478
0.30406057 0.69499559 0.65155836
0.30363121 0.71570213 0.62895036
0.30291963 0.73566195 0.60583925
0.30193176 0.75482941 0.58229698
0.30067575 0.77316620 0.55839781
0.29916169 0.79064161 0.53421730
0.29740150 0.80723265 0.50983115
0.29540862 0.82292401 0.48531416
0.29319774 0.83770782 0.46073930
0.29078454 0.85158331 0.43617682
0.28818544 0.86455632 0.41169348
0.28541725 0.87663871 0.38735199
0.28249701 0.88784774 0.36321044
0.27944167 0.89820538 0.33932203
0.27626796 0.90773759 0.31573482
0.27299215 0.91647365 0.29249159
0.26962993 0.92444546 0.26962993
0.26619626 0.93168691 0.24718224
0.26270532 0.93823328 0.22517599
0.25917040 0.94412073 0.20363388
0.25560386 0.94938577 0.18257419
0.25201714 0.95406488 0.16201102
0.24842070 0.95819415 0.14195469
0.24482410 0.96180895 0.12241205
0.24123593 0.96494372 0.10338683
0.23766394 0.96763177 0.08487998
0.23411502 0.96990509 0.06689001
0.23059526 0.97179430 0.04941327
0.22710999 0.97332853 0.03244428
0.22366386 0.97453540 0.01597599
0.22026087 0.97544100 0.00000000
0.23878812 0.00000000 0.97107169
0.24250393 0.01616693 0.97001571
0.24626591 0.03283546 0.96864593
0.25006947 0.05001389 0.96693530
0.25390926 0.06770914 0.96485520
0.25777915 0.08592638 0.96237548
0.26167214 0.10466885 0.95946450
0.26558034 0.12393749 0.95608921
0.26949490 0.14373061 0.95221532
0.27340598 0.16404359 0.94780740
0.27730270 0.18486847 0.94282918
0.28117313 0.20619363 0.93724376
0.28500428 0.22800342 0.93101397
0.28878211 0.25027783 0.92410275
0.29249159 0.27299215 0.91647365
0.29611672 0.29611672 0.90809128
0.29964065 0.31961669 0.89892194
0.30304576 0.34345187 0.88893424
0.30631388 0.36757665 0.87809978
0.30942637 0.39194007 0.86639385
0.31236445 0.41648594 0.85379618
0.31510936 0.44115311 0.84029163
0.31764266 0.46587590 0.82587092
0.31994654 0.49058469 0.81053123
0.32200409 0.51520655 0.79427676
0.32379967 0.53966611 0.77711921
0.32531915 0.56388653 0.75907802
0.32655026 0.58779046 0.74018059
0.32748282 0.61130126 0.72046220
0.32810898 0.63434403 0.69996582
0.32842341 0.65684682 0.67874172
0.32842341 0.67874172 0.65684682
0.32810898 0.69996582 0.63434403
0.32748282 0.72046220 0.61130126
0.32655026 0.74018059 0.58779046
0.32531915 0.75907802 0.56388653
0.32379967 0.77711921 0.53966611
0.32200409 0.79427676 0.51520655
0.31994654 0.81053123 0.49058469
0.31764266 0.82587092 0.46587590
0.31510936 0.84029163 0.44115311
0.31236445 0.85379618 0.41648594
0.30942637 0.86639385 0.39194007
0.30631388 0.87809978 0.36757665
0.30304576 0.88893424 0.34345187
0.29964065 0.89892194 0.31961669
0.29611672 0.90809128 0.29611672
0.29249159 0.91647365 0.27299215
0.28878211 0.92410275 0.25027783
0.28500428 0.93101397 0.22800342
0.28117313 0.93724376 0.20619363
0.27730270 0.94282918 0.18486847
0.27340598 0.94780740 0.16404359
0.26949490 0.95221532 0.14373061
0.26558034 0.95608921 0.12393749
0.26167214 0.95946450 0.10466885
0.25777915 0.96237548 0.08592638
0.25390926 0.96485520 0.06770914
0.25006947 0.96693530 0.05001389
0.24626591 0.96864593 0.03283546
0.24250393 0.97001571 0.01616693
0.23878812 0.97107169 0.00000000
0.25766265 0.00000000 0.96623494
0.26169796 0.01635612 0.96501122
0.26578220 0.03322277 0.96346047
0.26991008 0.05060814 0.96155466
0.27407548 0.06851887 0.95926419
0.27827139 0.08695981 0.95655790
0.28248982 0.10593368 0.95340314
0.28672178 0.12544078 0.94976588
0.29095719 0.14547859 0.94561086
0.29518487 0.16604149 0.94090176
0.29939248 0.18712030 0.93560149
0.30356651 0.20870198 0.92967245
0.30769231 0.23076923 0.92307692
0.31175405 0.25330016 0.91577751
0.31573482 0.27626796 0.90773759
0.31961669 0.29964065 0.89892194
0.32338083 0.32338083 0.88929729
0.32700765 0.34744563 0.87883305
0.33047695 0.37178657 0.86750200
0.33376821 0.39634975 0.85528104
0.33686077 0.42107596 0.84215192
0.33973416 0.44590108 0.82810200
0.34236839 0.47075654 0.81312494
0.34474433 0.49556998 0.79722127
0.34684399 0.52026598 0.78039897
0.34865091 0.54476704 0.76267386
0.35015049 0.56899454 0.74406979
0.35133030 0.59286988 0.72461874
0.35218036 0.61631563 0.70436073
0.35269337 0.63925674 0.68334341
0.35286487 0.66162164 0.66162164
0.35269337 0.68334341 0.63925674
0.35218036 0.70436073 0.61631563
0.35133030 0.72461874 0.59286988
0.35015049 0.74406979 0.56899454
0.34865091 0.76267386 0.54476704
0.34684399 0.78039897 0.52026598
0.34474433 0.79722127 0.49556998
0.34236839 0.81312494 0.47075654
0.33973416 0.82810200 0.44590108
0.33686077 0.84215192 0.42107596
0.33376821 0.85528104 0.39634975
0.33047695 0.86750200 0.37178657
0.32700765 0.87883305 0.34744563
0.32338083 0.88929729 0.32338083
0.31961669 0.89892194 0.29964065
0.31573482 0.90773759 0.27626796
0.31175405 0.91577751 0.25330016
0.30769231 0.92307692 0.23076923
0.30356651 0.92967245 0.20870198
0.29939248 0.93560149 0.18712030
0.29518487 0.94090176 0.16604149
0.29095719 0.94561086 0.14547859
0.28672178 0.94976588 0.12544078
0.28248982 0.95340314 0.10593368
0.27827139 0.95655790 0.08695981
0.27407548 0.95926419 0.06851887
0.26991008 0.96155466 0.05060814
0.26578220 0.96346047 0.03322277
0.26169796 0.96501122 0.01635612
0.25766265 0.96623494 0.00000000
0.27687150 0.00000000 0.96090695
0.28123194 0.01654306 0.95949722
0.28564370 0.03360514 0.95774651
0.29010070 0.05119424 0.95562583
0.29459597 0.06931670 0.95310462
0.29912152 0.08797692 0.95015071
0.30366828 0.10717704 0.94673051
0.30822603 0.12691660 0.94280904
0.31278339 0.14719218 0.93835016
0.31732769 0.16799701 0.93331674
0.32184504 0.18932061 0.92767100
0.32632023 0.21114838 0.92137477
0.33073680 0.23346127 0.91438997
0.33507702 0.25623537 0.90667901
0.33932203 0.27944167 0.89820538
0.34345187 0.30304576 0.88893424
0.34744563 0.32700765 0.87883305
0.35128166 0.35128166 0.86787234
0.35493777 0.37581646 0.85602638
0.35839147 0.40055517 0.84327404
0.36162029 0.42543563 0.82959948
0.36460209 0.45039081 0.81499290
0.36731544 0.47534940 0.79945126
0.36973999 0.50023646 0.78297881
0.37185684 0.52497437 0.76558762
0.37364893 0.54948373 0.74729787
0.37510141 0.57368452 0.72813804
0.37620196 0.59749723 0.70814486
0.37694106 0.62084410 0.68736311
0.37731225 0.64365030 0.66584514
0.37731225 0.66584514 0.64365030
0.37694106 0.68736311 0.62084410
0.37620196 0.70814486 0.59749723
0.37510141 0.72813804 0.57368452
0.37364893 0.74729787 0.54948373
0.37185684 0.76558762 0.52497437
0.36973999 0.78297881 0.50023646
0.36731544 0.79945126 0.47534940
0.36460209 0.81499290 0.45039081
0.36162029 0.82959948 0.42543563
0.35839147 0.84327404 0.40055517
0.35493777 0.85602638 0.37581646
0.35128166 0.86787234 0.35128166
0.34744563 0.87883305 0.32700765
0.34345187 0.88893424 0.30304576
0.33932203 0.89820538 0.27944167
0.33507702 0.90667901 0.25623537
0.33073680 0.91438997 0.23346127
0.32632023 0.92137477 0.21114838
0.32184504 0.92767100 0.18932061
0.31732769 0.93331674 0.16799701
0.31278339 0.93835016 0.14719218
0.30822603 0.94280904 0.12691660
0.30366828 0.94673051 0.10717704
0.29912152 0.95015071 0.08797692
0.29459597 0.95310462 0.06931670
0.29010070 0.95562583 0.05119424
0.28564370 0.95774651 0.03360514
0.28123194 0.95949722 0.01654306
0.27687150 0.96090695 0.00000000
0.29639921 0.00000000 0.95506414
0.30108924 0.01672718 0.95344925
0.30583245 0.03398138 0.95147873
0.31062196 0.05177033 0.94912266
0.31544984 0.07009996 0.94634951
0.32030701 0.08897417 0.94312619
0.32518322 0.10839441 0.93941819
0.33006694 0.12835936 0.93518965
0.33494532 0.14886459 0.93040366
0.33980414 0.16990207 0.92502239
0.34462781 0.19145990 0.91900750
0.34939931 0.21352180 0.91232043
0.35410026 0.23606684 0.90492290
0.35871096 0.25906902 0.89677739
0.36321044 0.28249701 0.88784774
0.36757665 0.30631388 0.87809978
0.37178657 0.33047695 0.86750200
0.37581646 0.35493777 0.85602638
0.37964209 0.37964209 0.84364908
0.38323905 0.40453010 0.83035127
0.38658310 0.42953678 0.81611988
0.38965055 0.45459231 0.80094836
0.39241865 0.47962279 0.78483730
0.39486599 0.50455099 0.76779499
0.39697298 0.52929731 0.74983786
0.39872220 0.55378083 0.73099070
0.40009880 0.57792049 0.71128676
0.40109087 0.60163630 0.69076760
0.40168966 0.62485058 0.66948276
0.40188985 0.64748921 0.64748921
0.40168966 0.66948276 0.62485058
0.40109087 0.69076760 0.60163630
0.40009880 0.71128676 0.57792049
0.39872220 0.73099070 0.55378083
0.39697298 0.74983786 0.52929731
0.39486599 0.76779499 0.50455099
0.39241865 0.78483730 0.47962279
0.38965055 0.80094836 0.45459231
0.38658310 0.81611988 0.42953678
0.38323905 0.83035127 0.40453010
0.37964209 0.84364908 0.37964209
0.37581646 0.85602638 0.35493777
0.37178657 0.86750200 0.33047695
0.36757665 0.87809978 0.30631388
0.36321044 0.88784774 0.28249701
0.35871096 0.89677739 0.25906902
0.35410026 0.90492290 0.23606684
0.34939931 0.91232043 0.21352180
0.34462781 0.91900750 0.19145990
0.33980414 0.92502239 0.16990207
0.33494532 0.93040366 0.14886459
0.33006694 0.93518965 0.12835936
0.32518322 0.93941819 0.10839441
0.32030701 0.94312619 0.08897417
0.31544984 0.94634951 0.07009996
0.31062196 0.94912266 0.05177033
0.30583245 0.95147873 0.03398138
0.30108924 0.95344925 0.01672718
0.29639921 0.95506414 0.00000000
0.31622777 0.00000000 0.94868330
0.32125042 0.01690792 0.94684333
0.32632756 0.03435027 0.94463241
0.33145137 0.05233443 0.94201969
0.33661287 0.07086587 0.93897274
0.34180181 0.08994785 0.93545759
0.34700664 0.10958104 0.93143888
0.35221440 0.12976320 0.92688000
0.35741068 0.15048871 0.92174333
0.36257957 0.17174822 0.91599050
0.36770367 0.19352825 0.90958277
0.37276406 0.21581077 0.90248140
0.37774032 0.23857283 0.89464812
0.38261066 0.26178624 0.88604574
0.38735199 0.28541725 0.87663871
0.39194007 0.30942637 0.86639385
0.39634975 0.33376821 0.85528104
0.40055517 0.35839147 0.84327404
0.40453010 0.38323905 0.83035127
0.40824829 0.40824829 0.81649658
0.41168382 0.43335139 0.80170007
0.41481157 0.45847594 0.78595876
0.41760763 0.48354568 0.76927722
0.42004980 0.50848134 0.75166807
0.42211801 0.53320169 0.73315233
0.42379475 0.55762467 0.71375958
0.42506550 0.58166858 0.69352792
0.42591905 0.60525338 0.67250376
0.42634775 0.62830195 0.65074131
0.42634775 0.65074131 0.62830195
0.42591905 0.67250376 0.60525338
0.42506550 0.69352792 0.58166858
0.42379475 0.71375958 0.55762467
0.42211801 0.73315233 0.53320169
0.42004980 0.75166807 0.50848134
0.41760763 0.76927722 0.48354568
0.41481157 0.78595876 0.45847594
0.41168382 0.80170007 0.43335139
0.40824829 0.81649658 0.40824829
0.40453010 0.83035127 0.38323905
0.40055517 0.84327404 0.35839147
0.39634975 0.85528104 0.33376821
0.39194007 0.86639385 0.30942637
0.38735199 0.87663871 0.28541725
0.38261066 0.88604574 0.26178624
0.37774032 0.89464812 0.23857283
0.37276406 0.90248140 0.21581077
0.36770367 0.90958277 0.19352825
0.36257957 0.91599050 0.17174822
0.35741068 0.92174333 0.15048871
0.35221440 0.92688000 0.12976320
0.34700664 0.93143888 0.10958104
0.34180181 0.93545759 0.08994785
0.33661287 0.93897274 0.07086587
0.33145137 0.94201969 0.05233443
0.32632756 0.94463241 0.03435027
0.32125042 0.94684333 0.01690792
0.31622777 0.94868330 0.00000000
0.33633640 0.00000000 0.94174191
0.34169318 0.01708466 0.93965626
0.34710507 0.03471051 0.93718368
0.35256320 0.05288448 0.93429247
0.35805744 0.07161149 0.93094934
0.36357627 0.09089407 0.92711950
0.36910674 0.11073202 0.92276684
0.37463432 0.13112201 0.91785410
0.38014296 0.15205718 0.91234311
0.38561494 0.17352672 0.90619512
0.39103094 0.19551547 0.89937117
0.39637002 0.21800351 0.89183254
0.40160966 0.24096580 0.88354126
0.40672592 0.26437185 0.87446072
0.41169348 0.28818544 0.86455632
0.41648594 0.31236445 0.85379618
0.42107596 0.33686077 0.84215192
0.42543563 0.36162029 0.82959948
0.42953678 0.38658310 0.81611988
0.43335139 0.41168382 0.80170007
0.43685203 0.43685203 0.78633365
0.44001232 0.46201294 0.77002156
0.44280744 0.48708819 0.75277265
0.44521462 0.51199681 0.73460412
0.44721360 0.53665631 0.71554175
0.44878711 0.56098389 0.69562002
0.44992127 0.58489765 0.67488191
0.45060591 0.60831798 0.65337857
0.45083482 0.63116874 0.63116874
0.45060591 0.65337857 0.60831798
0.44992127 0.67488191 0.58489765
0.44878711 0.69562002 0.56098389
0.44721360 0.71554175 0.53665631
0.44521462 0.73460412 0.51199681
0.44280744 0.75277265 0.48708819
0.44001232 0.77002156 0.46201294
0.43685203 0.78633365 0.43685203
0.43335139 0.80170007 0.41168382
0.42953678 0.81611988 0.38658310
0.42543563 0.82959948 0.36162029
0.42107596 0.84215192 0.33686077
0.41648594 0.85379618 0.31236445
0.41169348 0.86455632 0.28818544
0.40672592 0.87446072 0.26437185
0.40160966 0.88354126 0.24096580
0.39637002 0.89183254 0.21800351
0.39103094 0.89937117 0.19551547
0.38561494 0.90619512 0.17352672
0.38014296 0.91234311 0.15205718
0.37463432 0.91785410 0.13112201
0.36910674 0.92276684 0.11073202
0.36357627 0.92711950 0.09089407
0.35805744 0.93094934 0.07161149
0.35256320 0.93429247 0.05288448
0.34710507 0.93718368 0.03471051
0.34169318 0.93965626 0.01708466
0.33633640 0.94174191 0.00000000
0.35670157 0.00000000 0.93421839
0.36239229 0.01725678 0.93186589
0.36813789 0.03506075 0.92910992
0.37392840 0.05341834 0.92591794
0.37975242 0.07233379 0.92225589
0.38559707 0.09180883 0.91808825
0.39144784 0.11184224 0.91337829
0.39728859 0.13242953 0.90808821
0.40310146 0.15356246 0.90217946
0.40886685 0.17522865 0.89561310
0.41456341 0.19741115 0.88835017
0.42016810 0.22008805 0.88035221
0.42565624 0.24323214 0.87158183
0.43100165 0.26681055 0.86200331
0.43617682 0.29078454 0.85158331
0.44115311 0.31510936 0.84029163
0.44590108 0.33973416 0.82810200
0.45039081 0.36460209 0.81499290
0.45459231 0.38965055 0.80094836
0.45847594 0.41481157 0.78595876
0.46201294 0.44001232 0.77002156
0.46517590 0.46517590 0.75314193
0.46793934 0.49022217 0.73533325
0.47028023 0.51506882 0.71661749
0.47217844 0.53963250 0.69702531
0.47361728 0.56383009 0.67659611
0.47458385 0.58758000 0.65537769
0.47506935 0.61080345 0.63342580
0.47506935 0.63342580 0.61080345
0.47458385 0.65537769 0.58758000
0.47361728 0.67659611 0.56383009
0.47217844 0.69702531 0.53963250
0.47028023 0.71661749 0.51506882
0.46793934 0.73533325 0.49022217
0.46517590 0.75314193 0.46517590
0.46201294 0.77002156 0.44001232
0.45847594 0.78595876 0.41481157
0.45459231 0.80094836 0.38965055
0.45039081 0.81499290 0.36460209
0.44590108 0.82810200 0.33973416
0.44115311 0.84029163 0.31510936
0.43617682 0.85158331 0.29078454
0.43100165 0.86200331 0.26681055
0.42565624 0.87158183 0.24323214
0.42016810 0.88035221 0.22008805
0.41456341 0.88835017 0.19741115
0.40886685 0.89561310 0.17522865
0.40310146 0.90217946 0.15356246
0.39728859 0.90808821 0.13242953
0.39144784 0.91337829 0.11184224
0.38559707 0.91808825 0.09180883
0.37975242 0.92225589 0.07233379
0.37392840 0.92591794 0.05341834
0.36813789 0.92910992 0.03506075
0.36239229 0.93186589 0.01725678
0.35670157 0.93421839 0.00000000
0.37729689 0.00000000 0.92609236
0.38331947 0.01742361 0.92345146
0.38939578 0.03539962 0.92039002
0.39551461 0.05393381 0.91687477
0.40166321 0.07302967 0.91287093
0.40782720 0.09268800 0.90834240
0.41399046 0.11290649 0.90325192
0.42013509 0.13367935 0.89756133
0.42624134 0.15499685 0.89123190
0.43228762 0.17684494 0.88422468
0.43825049 0.19920477 0.87650098
0.44410473 0.22205237 0.86802289
0.44982345 0.24535825 0.85875386
0.45537822 0.26908713 0.84865941
0.46073930 0.29319774 0.83770782
0.46587590 0.31764266 0.82587092
0.47075654 0.34236839 0.81312494
0.47534940 0.36731544 0.79945126
0.47962279 0.39241865 0.78483730
0.48354568 0.41760763 0.76927722
0.48708819 0.44280744 0.75277265
0.49022217 0.46793934 0.73533325
0.49292179 0.49292179 0.71697714
0.49516405 0.51767151 0.69773116
0.49692935 0.54210474 0.67763093
0.49820190 0.56613852 0.65672068
0.49897013 0.58969198 0.63505290
0.49922700 0.61268769 0.61268769
0.49897013 0.63505290 0.58969198
0.49820190 0.65672068 0.56613852
0.49692935 0.67763093 0.54210474
0.49516405 0.69773116 0.51767151
0.49292179 0.71697714 0.49292179
0.49022217 0.73533325 0.46793934
0.48708819 0.75277265 0.44280744
0.48354568 0.76927722 0.41760763
0.47962279 0.78483730 0.39241865
0.47534940 0.79945126 0.36731544
0.47075654 0.81312494 0.34236839
0.46587590 0.82587092 0.31764266
0.46073930 0.83770782 0.29319774
0.45537822 0.84865941 0.26908713
0.44982345 0.85875386 0.24535825
0.44410473 0.86802289 0.22205237
0.43825049 0.87650098 0.19920477
0.43228762 0.88422468 0.17684494
0.42624134 0.89123190 0.15499685
0.42013509 0.89756133 0.13367935
0.41399046 0.90325192 0.11290649
0.40782720 0.90834240 0.09268800
0.40166321 0.91287093 0.07302967
0.39551461 0.91687477 0.05393381
0.38939578 0.92039002 0.03539962
0.38331947 0.92345146 0.01742361
0.37729689 0.92609236 0.00000000
0.39809312 0.00000000 0.91734501
0.40444347 0.01758450 0.91439393
0.41084532 0.03572568 0.91100483
0.41728613 0.05442863 0.90714376
0.42375171 0.07369595 0.90277538
0.43022607 0.09352741 0.89786310
0.43669137 0.11391949 0.89236932
0.44312784 0.13486500 0.88625569
0.44951379 0.15635262 0.87948349
0.45582552 0.17836651 0.87201404
0.46203746 0.20088585 0.86380916
0.46812216 0.22388451 0.85483178
0.47405050 0.24733069 0.84504654
0.47979180 0.27118667 0.83442053
0.48531416 0.29540862 0.82292401
0.49058469 0.31994654 0.81053123
0.49556998 0.34474433 0.79722127
0.50023646 0.36973999 0.78297881
0.50455099 0.39486599 0.76779499
0.50848134 0.42004980 0.75166807
0.51199681 0.44521462 0.73460412
0.51506882 0.47028023 0.71661749
0.51767151 0.49516405 0.69773116
0.51978231 0.51978231 0.67797692
0.52138246 0.54405126 0.65739528
0.52245748 0.56788856 0.63603519
0.52299749 0.59121455 0.61395357
0.52299749 0.61395357 0.59121455
0.52245748 0.63603519 0.56788856
0.52138246 0.65739528 0.54405126
0.51978231 0.67797692 0.51978231
0.51767151 0.69773116 0.49516405
0.51506882 0.71661749 0.47028023
0.51199681 0.73460412 0.44521462
0.50848134 0.75166807 0.42004980
0.50455099 0.76779499 0.39486599
0.50023646 0.78297881 0.36973999
0.49556998 0.79722127 0.34474433
0.49058469 0.81053123 0.31994654
0.48531416 0.82292401 0.29540862
0.47979180 0.83442053 0.27118667
0.47405050 0.84504654 0.24733069
0.46812216 0.85483178 0.22388451
0.46203746 0.86380916 0.20088585
0.45582552 0.87201404 0.17836651
0.44951379 0.87948349 0.15635262
0.44312784 0.88625569 0.13486500
0.43669137 0.89236932 0.11391949
0.43022607 0.89786310 0.09352741
0.42375171 0.90277538 0.07369595
0.41728613 0.90714376 0.05442863
0.41084532 0.91100483 0.03572568
0.40444347 0.91439393 0.01758450
0.39809312 0.91734501 0.00000000
0.41905818 0.00000000 0.90795938
0.42573004 0.01773875 0.90467633
0.43244998 0.03603750 0.90093746
0.43920405 0.05490051 0.89670828
0.44597649 0.07432941 0.89195298
0.45274961 0.09432283 0.88663465
0.45950375 0.11487594 0.88071552
0.46621721 0.13598002 0.87415728
0.47286624 0.15762208 0.86692145
0.47942503 0.17978439 0.85896985
0.48586580 0.20244408 0.85026515
0.49215887 0.22557282 0.84077140
0.49827288 0.24913644 0.83045480
0.50417498 0.27309478 0.81928434
0.50983115 0.29740150 0.80723265
0.51520655 0.32200409 0.79427676
0.52026598 0.34684399 0.78039897
0.52497437 0.37185684 0.76558762
0.52929731 0.39697298 0.74983786
0.53320169 0.42211801 0.73315233
0.53665631 0.44721360 0.71554175
0.53963250 0.47217844 0.69702531
0.54210474 0.49692935 0.67763093
0.54405126 0.52138246 0.65739528
0.54545455 0.54545455 0.63636364
0.54630174 0.56906432 0.61458946
0.54658502 0.59213377 0.59213377
0.54630174 0.61458946 0.56906432
0.54545455 0.63636364 0.54545455
0.54405126 0.65739528 0.52138246
0.54210474 0.67763093 0.49692935
0.53963250 0.69702531 0.47217844
0.53665631 0.71554175 0.44721360
0.53320169 0.73315233 0.42211801
0.52929731 0.74983786 0.39697298
0.52497437 0.76558762 0.37185684
0.52026598 0.78039897 0.34684399
0.51520655 0.79427676 0.32200409
0.50983115 0.80723265 0.29740150
0.50417498 0.81928434 0.27309478
0.49827288 0.83045480 0.24913644
0.49215887 0.84077140 0.22557282
0.48586580 0.85026515 0.20244408
0.47942503 0.85896985 0.17978439
0.47286624 0.86692145 0.15762208
0.46621721 0.87415728 0.13598002
0.45950375 0.88071552 0.11487594
0.45274961 0.88663465 0.09432283
0.44597649 0.89195298 0.07432941
0.43920405 0.89670828 0.05490051
0.43244998 0.90093746 0.03603750
0.42573004 0.90467633 0.01773875
0.41905818 0.90795938 0.00000000
0.44015722 0.00000000 0.89792072
0.44714206 0.01788568 0.89428412
0.45417026 0.03633362 0.89017371
0.46122635 0.05534716 0.88555460
0.46829291 0.07492686 0.88039066
0.47535046 0.09507009 0.87464485
0.48237746 0.11577059 0.86827942
0.48935018 0.13701805 0.86125632
0.49624278 0.15879769 0.85353758
0.50302727 0.18108982 0.84508582
0.50967367 0.20386947 0.83586482
0.51615009 0.22710604 0.82584014
0.52242297 0.25076303 0.81497984
0.52845738 0.27479784 0.80325522
0.53421730 0.29916169 0.79064161
0.53966611 0.32379967 0.77711921
0.54476704 0.34865091 0.76267386
0.54948373 0.37364893 0.74729787
0.55378083 0.39872220 0.73099070
0.55762467 0.42379475 0.71375958
0.56098389 0.44878711 0.69562002
0.56383009 0.47361728 0.67659611
0.56613852 0.49820190 0.65672068
0.56788856 0.52245748 0.63603519
0.56906432 0.54630174 0.61458946
0.56965494 0.56965494 0.59244114
0.56965494 0.59244114 0.56965494
0.56906432 0.61458946 0.54630174
0.56788856 0.63603519 0.52245748
0.56613852 0.65672068 0.49820190
0.56383009 0.67659611 0.47361728
0.56098389 0.69562002 0.44878711
0.55762467 0.71375958 0.42379475
0.55378083 0.73099070 0.39872220
0.54948373 0.74729787 0.37364893
0.54476704 0.76267386 0.34865091
0.53966611 0.77711921 0.32379967
0.53421730 0.79064161 0.29916169
0.52845738 0.80325522 0.27479784
0.52242297 0.81497984 0.25076303
0.51615009 0.82584014 0.22710604
0.50967367 0.83586482 0.20386947
0.50302727 0.84508582 0.18108982
0.49624278 0.85353758 0.15879769
0.48935018 0.86125632 0.13701805
0.48237746 0.86827942 0.11577059
0.47535046 0.87464485 0.09507009
0.46829291 0.88039066 0.07492686
0.46122635 0.88555460 0.05534716
0.45417026 0.89017371 0.03633362
0.44714206 0.89428412 0.01788568
0.44015722 0.89792072 0.00000000
0.46135274 0.00000000 0.88721680
0.46863966 0.01802460 0.88320552
0.47596382 0.03661260 0.87870243
0.48330811 0.05576632 0.87367236
0.49065338 0.07548514 0.86807906
0.49797830 0.09576506 0.86188553
0.50525935 0.11659831 0.85505428
0.51247074 0.13797289 0.84754777
0.51958450 0.15987215 0.83932881
0.52657047 0.18227439 0.83036112
0.53339646 0.20515248 0.82060994
0.54002844 0.22847357 0.81004266
0.54643076 0.25219881 0.79862957
0.55256648 0.27628324 0.78634461
0.55839781 0.30067575 0.77316620
0.56388653 0.32531915 0.75907802
0.56899454 0.35015049 0.74406979
0.57368452 0.37510141 0.72813804
0.57792049 0.40009880 0.71128676
0.58166858 0.42506550 0.69352792
0.58489765 0.44992127 0.67488191
0.58758000 0.47458385 0.65537769
0.58969198 0.49897013 0.63505290
0.59121455 0.52299749 0.61395357
0.59213377 0.54658502 0.59213377
0.59244114 0.56965494 0.56965494
0.59213377 0.59213377 0.54658502
0.59121455 0.61395357 0.52299749
0.58969198 0.63505290 0.49897013
0.58758000 0.65537769 0.47458385
0.58489765 0.67488191 0.44992127
0.58166858 0.69352792 0.42506550
0.57792049 0.71128676 0.40009880
0.57368452 0.72813804 0.37510141
0.56899454 0.74406979 0.35015049
0.56388653 0.75907802 0.32531915
0.55839781 0.77316620 0.30067575
0.55256648 0.78634461 0.27628324
0.54643076 0.79862957 0.25219881
0.54002844 0.81004266 0.22847357
0.53339646 0.82060994 0.20515248
0.52657047 0.83036112 0.18227439
0.51958450 0.83932881 0.15987215
0.51247074 0.84754777 0.13797289
0.50525935 0.85505428 0.11659831
0.49797830 0.86188553 0.09576506
0.49065338 0.86807906 0.07548514
0.48330811 0.87367236 0.05576632
0.47596382 0.87870243 0.03661260
0.46863966 0.88320552 0.01802460
0.46135274 0.88721680 0.00000000
0.48260475 0.00000000 0.87583826
0.49018044 0.01815483 0.87143189
0.49778572 0.03687302 0.86651588
0.50540179 0.05615575 0.86105491
0.51300770 0.07600114 0.85501283
0.52058017 0.09640374 0.84835288
0.52809368 0.11735415 0.84103809
0.53552037 0.13883861 0.83303168
0.54283009 0.16083855 0.82429755
0.54999057 0.18333019 0.81480084
0.55696747 0.20628425 0.80450857
0.56372469 0.22966561 0.79339031
0.57022461 0.25343316 0.78141892
0.57642851 0.27753965 0.76857135
0.58229698 0.30193176 0.75482941
0.58779046 0.32655026 0.74018059
0.59286988 0.35133030 0.72461874
0.59749723 0.37620196 0.70814486
0.60163630 0.40109087 0.69076760
0.60525338 0.42591905 0.67250376
0.60831798 0.45060591 0.65337857
0.61080345 0.47506935 0.63342580
0.61268769 0.49922700 0.61268769
0.61395357 0.52299749 0.59121455
0.61458946 0.54630174 0.56906432
0.61458946 0.56906432 0.54630174
0.61395357 0.59121455 0.52299749
0.61268769 0.61268769 0.49922700
0.61080345 0.63342580 0.47506935
0.60831798 0.65337857 0.45060591
0.60525338 0.67250376 0.42591905
0.60163630 0.69076760 0.40109087
0.59749723 0.70814486 0.37620196
0.59286988 0.72461874 0.35133030
0.58779046 0.74018059 0.32655026
0.58229698 0.75482941 0.30193176
0.57642851 0.76857135 0.27753965
0.57022461 0.78141892 0.25343316
0.56372469 0.79339031 0.22966561
0.55696747 0.80450857 0.20628425
0.54999057 0.81480084 0.18333019
0.54283009 0.82429755 0.16083855
0.53552037 0.83303168 0.13883861
0.52809368 0.84103809 0.11735415
0.52058017 0.84835288 0.09640374
0.51300770 0.85501283 0.07600114
0.50540179 0.86105491 0.05615575
0.49778572 0.86651588 0.03687302
0.49018044 0.87143189 0.01815483
0.48260475 0.87583826 0.00000000
0.50387103 0.00000000 0.86377890
0.51171970 0.01827570 0.85895806
0.51958873 0.03711348 0.85361006
0.52745758 0.05651331 0.84769968
0.53530338 0.07647191 0.84119102
0.54310093 0.09698231 0.83404785
0.55082263 0.11803342 0.82623395
0.55843856 0.13960964 0.81771360
0.56591646 0.16169042 0.80845208
0.57322195 0.18424991 0.79841629
0.58031867 0.20725667 0.78757534
0.58716857 0.23067337 0.77590133
0.59373225 0.25445668 0.76337004
0.59996939 0.27855722 0.74996174
0.60583925 0.30291963 0.73566195
0.61130126 0.32748282 0.72046220
0.61631563 0.35218036 0.70436073
0.62084410 0.37694106 0.68736311
0.62485058 0.40168966 0.66948276
0.62830195 0.42634775 0.65074131
0.63116874 0.45083482 0.63116874
0.63342580 0.47506935 0.61080345
0.63505290 0.49897013 0.58969198
0.63603519 0.52245748 0.56788856
0.63636364 0.54545455 0.54545455
0.63603519 0.56788856 0.52245748
0.63505290 0.58969198 0.49897013
0.63342580 0.61080345 0.47506935
0.63116874 0.63116874 0.45083482
0.62830195 0.65074131 0.42634775
0.62485058 0.66948276 0.40168966
0.62084410 0.68736311 0.37694106
0.61631563 0.70436073 0.35218036
0.61130126 0.72046220 0.32748282
0.60583925 0.73566195 0.30291963
0.59996939 0.74996174 0.27855722
0.59373225 0.76337004 0.25445668
0.58716857 0.77590133 0.23067337
0.58031867 0.78757534 0.20725667
0.57322195 0.79841629 0.18424991
0.56591646 0.80845208 0.16169042
0.55843856 0.81771360 0.13960964
0.55082263 0.82623395 0.11803342
0.54310093 0.83404785 0.09698231
0.53530338 0.84119102 0.07647191
0.52745758 0.84769968 0.05651331
0.51958873 0.85361006 0.03711348
0.51171970 0.85895806 0.01827570
0.50387103 0.86377890 0.00000000
0.52510733 0.00000000 0.85103601
0.53321077 0.01838658 0.84578260
0.54132371 0.03733267 0.83998507
0.54942377 0.05683694 0.83360847
0.55748617 0.07689464 0.82661743
0.56548374 0.09749720 0.81897645
0.57338685 0.11863176 0.81065037
0.58116349 0.14028084 0.80160482
0.58877939 0.16242190 0.79180677
0.59619816 0.18502701 0.78122517
0.60338152 0.20806259 0.76983160
0.61028968 0.23148919 0.75760099
0.61688166 0.25526138 0.74451235
0.62311581 0.27932778 0.73054957
0.62895036 0.30363121 0.71570213
0.63434403 0.32810898 0.69996582
0.63925674 0.35269337 0.68334341
0.64365030 0.37731225 0.66584514
0.64748921 0.40188985 0.64748921
0.65074131 0.42634775 0.62830195
0.65337857 0.45060591 0.60831798
0.65537769 0.47458385 0.58758000
0.65672068 0.49820190 0.56613852
0.65739528 0.52138246 0.54405126
0.65739528 0.54405126 0.52138246
0.65672068 0.56613852 0.49820190
0.65537769 0.58758000 0.47458385
0.65337857 0.60831798 0.45060591
0.65074131 0.62830195 0.42634775
0.64748921 0.64748921 0.40188985
0.64365030 0.66584514 0.37731225
0.63925674 0.68334341 0.35269337
0.63434403 0.69996582 0.32810898
0.62895036 0.71570213 0.30363121
0.62311581 0.73054957 0.27932778
0.61688166 0.74451235 0.25526138
0.61028968 0.75760099 0.23148919
0.60338152 0.76983160 0.20806259
0.59619816 0.78122517 0.18502701
0.58877939 0.79180677 0.16242190
0.58116349 0.80160482 0.14028084
0.57338685 0.81065037 0.11863176
0.56548374 0.81897645 0.09749720
0.55748617 0.82661743 0.07689464
0.54942377 0.83360847 0.05683694
0.54132371 0.83998507 0.03733267
0.53321077 0.84578260 0.01838658
0.52510733 0.85103601 0.00000000
0.54626778 0.00000000 0.83761060
0.55460540 0.01848685 0.83190810
0.56293997 0.03752933 0.82564529
0.57124725 0.05712473 0.81878773
0.57950056 0.07726674 0.81130078
0.58767071 0.09794512 0.80314998
0.59572610 0.11914522 0.79430147
0.60363273 0.14084764 0.78472255
0.61135436 0.16302783 0.77438219
0.61885275 0.18565582 0.76325172
0.62608790 0.20869597 0.75130548
0.63301847 0.23210677 0.73852154
0.63960215 0.25584086 0.72488244
0.64579627 0.27984505 0.71037590
0.65155836 0.30406057 0.69499559
0.65684682 0.32842341 0.67874172
0.66162164 0.35286487 0.66162164
0.66584514 0.37731225 0.64365030
0.66948276 0.40168966 0.62485058
0.67250376 0.42591905 0.60525338
0.67488191 0.44992127 0.58489765
0.67659611 0.47361728 0.56383009
0.67763093 0.49692935 0.54210474
0.67797692 0.51978231 0.51978231
0.67763093 0.54210474 0.49692935
0.67659611 0.56383009 0.47361728
0.67488191 0.58489765 0.44992127
0.67250376 0.60525338 0.42591905
0.66948276 0.62485058 0.40168966
0.66584514 0.64365030 0.37731225
0.66162164 0.66162164 0.35286487
0.65684682 0.67874172 0.32842341
0.65155836 0.69499559 0.30406057
0.64579627 0.71037590 0.27984505
0.63960215 0.72488244 0.25584086
0.63301847 0.73852154 0.23210677
0.62608790 0.75130548 0.20869597
0.61885275 0.76325172 0.18565582
0.61135436 0.77438219 0.16302783
0.60363273 0.78472255 0.14084764
0.59572610 0.79430147 0.11914522
0.58767071 0.80314998 0.09794512
0.57950056 0.81130078 0.07726674
0.57124725 0.81878773 0.05712473
0.56293997 0.82564529 0.03752933
0.55460540 0.83190810 0.01848685
0.54626778 0.83761060 0.00000000
0.56730524 0.00000000 0.82350760
0.57585415 0.01857594 0.81734138
0.58438579 0.03770231 0.81059964
0.59287405 0.05737491 0.80324871
0.60129031 0.07758585 0.79525493
0.60960347 0.09832314 0.78658513
0.61777998 0.11957032 0.77720707
0.62578394 0.14130605 0.76708999
0.63357732 0.16350382 0.75620519
0.64112017 0.18613166 0.74452665
0.64837100 0.20915194 0.73203177
0.65528715 0.23252125 0.71870204
0.66182533 0.25619045 0.70452373
0.66794214 0.28010477 0.68948866
0.67359478 0.30420410 0.67359478
0.67874172 0.32842341 0.65684682
0.68334341 0.35269337 0.63925674
0.68736311 0.37694106 0.62084410
0.69076760 0.40109087 0.60163630
0.69352792 0.42506550 0.58166858
0.69562002 0.44878711 0.56098389
0.69702531 0.47217844 0.53963250
0.69773116 0.49516405 0.51767151
0.69773116 0.51767151 0.49516405
0.69702531 0.53963250 0.47217844
0.69562002 0.56098389 0.44878711
0.69352792 0.58166858 0.42506550
0.69076760 0.60163630 0.40109087
0.68736311 0.62084410 0.37694106
0.68334341 0.63925674 0.35269337
0.67874172 0.65684682 0.32842341
0.67359478 0.67359478 0.30420410
0.66794214 0.68948866 0.28010477
0.66182533 0.70452373 0.25619045
0.65528715 0.71870204 0.23252125
0.64837100 0.73203177 0.20915194
0.64112017 0.74452665 0.18613166
0.63357732 0.75620519 0.16350382
0.62578394 0.76708999 0.14130605
0.61777998 0.77720707 0.11957032
0.60960347 0.78658513 0.09832314
0.60129031 0.79525493 0.07758585
0.59287405 0.80324871 0.05737491
0.58438579 0.81059964 0.03770231
0.57585415 0.81734138 0.01857594
0.56730524 0.82350760 0.00000000
0.58817170 0.00000000 0.80873608
0.59690690 0.01865334 0.80209364
0.60560893 0.03785056 0.79486172
0.61424985 0.05758592 0.78700762
0.62279916 0.07784989 0.77849894
0.63122387 0.09862873 0.76930410
0.63948861 0.11990412 0.75939273
0.64755573 0.14165282 0.74873631
0.65538554 0.16384638 0.73730873
0.66293663 0.18645093 0.72508694
0.67016625 0.20942695 0.71205164
0.67703075 0.23272932 0.69818796
0.68348613 0.25630730 0.68348613
0.68948866 0.28010477 0.66794214
0.69499559 0.30406057 0.65155836
0.69996582 0.32810898 0.63434403
0.70436073 0.35218036 0.61631563
0.70814486 0.37620196 0.59749723
0.71128676 0.40009880 0.57792049
0.71375958 0.42379475 0.55762467
0.71554175 0.44721360 0.53665631
0.71661749 0.47028023 0.51506882
0.71697714 0.49292179 0.49292179
0.71661749 0.51506882 0.47028023
0.71554175 0.53665631 0.44721360
0.71375958 0.55762467 0.42379475
0.71128676 0.57792049 0.40009880
0.70814486 0.59749723 0.37620196
0.70436073 0.61631563 0.35218036
0.69996582 0.63434403 0.32810898
0.69499559 0.65155836 0.30406057
0.68948866 0.66794214 0.28010477
0.68348613 0.68348613 0.25630730
0.67703075 0.69818796 0.23272932
0.67016625 0.71205164 0.20942695
0.66293663 0.72508694 0.18645093
0.65538554 0.73730873 0.16384638
0.64755573 0.74873631 0.14165282
0.63948861 0.75939273 0.11990412
0.63122387 0.76930410 0.09862873
0.62279916 0.77849894 0.07784989
0.61424985 0.78700762 0.05758592
0.60560893 0.79486172 0.03785056
0.59690690 0.80209364 0.01865334
0.58817170 0.80873608 0.00000000
0.60881879 0.00000000 0.79330933
0.61771330 0.01871858 0.78618057
0.62655718 0.03797316 0.77844983
0.63532064 0.05775642 0.77008563
0.64397140 0.07805714 0.76105711
0.65247469 0.09885980 0.75133449
0.66079343 0.12014426 0.74088960
0.66888838 0.14188541 0.72969642
0.67671845 0.16405296 0.71773169
0.68424099 0.18661118 0.70497556
0.69141227 0.20951887 0.69141227
0.69818796 0.23272932 0.67703075
0.70452373 0.25619045 0.66182533
0.71037590 0.27984505 0.64579627
0.71570213 0.30363121 0.62895036
0.72046220 0.32748282 0.61130126
0.72461874 0.35133030 0.59286988
0.72813804 0.37510141 0.57368452
0.73099070 0.39872220 0.55378083
0.73315233 0.42211801 0.53320169
0.73460412 0.44521462 0.51199681
0.73533325 0.46793934 0.49022217
0.73533325 0.49022217 0.46793934
0.73460412 0.51199681 0.44521462
0.73315233 0.53320169 0.42211801
0.73099070 0.55378083 0.39872220
0.72813804 0.57368452 0.37510141
0.72461874 0.59286988 0.35133030
0.72046220 0.61130126 0.32748282
0.71570213 0.62895036 0.30363121
0.71037590 0.64579627 0.27984505
0.70452373 0.66182533 0.25619045
0.69818796 0.67703075 0.23272932
0.69141227 0.69141227 0.20951887
0.68424099 0.70497556 0.18661118
0.67671845 0.71773169 0.16405296
0.66888838 0.72969642 0.14188541
0.66079343 0.74088960 0.12014426
0.65247469 0.75133449 0.09885980
0.64397140 0.76105711 0.07805714
0.63532064 0.77008563 0.05775642
0.62655718 0.77844983 0.03797316
0.61771330 0.78618057 0.01871858
0.60881879 0.79330933 0.00000000
0.62919823 0.00000000 0.77724487
0.63822340 0.01877128 0.76962233
0.64717894 0.03806935 0.76138699
0.65603334 0.05788529 0.75250883
0.66475260 0.07820619 0.74295879
0.67330033 0.09901475 0.73270918
0.68163790 0.12028904 0.72173425
0.68972470 0.14200214 0.71001072
0.69751845 0.16412199 0.69751845
0.70497556 0.18661118 0.68424099
0.71205164 0.20942695 0.67016625
0.71870204 0.23252125 0.65528715
0.72488244 0.25584086 0.63960215
0.73054957 0.27932778 0.62311581
0.73566195 0.30291963 0.60583925
0.74018059 0.32655026 0.58779046
0.74406979 0.35015049 0.56899454
0.74729787 0.37364893 0.54948373
0.74983786 0.39697298 0.52929731
0.75166807 0.42004980 0.50848134
0.75277265 0.44280744 0.48708819
0.75314193 0.46517590 0.46517590
0.75277265 0.48708819 0.44280744
0.75166807 0.50848134 0.42004980
0.74983786 0.52929731 0.39697298
0.74729787 0.54948373 0.37364893
0.74406979 0.56899454 0.35015049
0.74018059 0.58779046 0.32655026
0.73566195 0.60583925 0.30291963
0.73054957 0.62311581 0.27932778
0.72488244 0.63960215 0.25584086
0.71870204 0.65528715 0.23252125
0.71205164 0.67016625 0.20942695
0.70497556 0.68424099 0.18661118
0.69751845 0.69751845 0.16412199
0.68972470 0.71001072 0.14200214
0.68163790 0.72173425 0.12028904
0.67330033 0.73270918 0.09901475
0.66475260 0.74295879 0.07820619
0.65603334 0.75250883 0.05788529
0.64717894 0.76138699 0.03806935
0.63822340 0.76962233 0.01877128
0.62919823 0.77724487 0.00000000
0.64926238 0.00000000 0.76056450
0.65838809 0.01881109 0.75244353
0.66742381 0.03813850 0.74370082
0.67633639 0.05797169 0.73430809
0.68509026 0.07829603 0.72423827
0.69364753 0.09909250 0.71346603
0.70196827 0.12033742 0.70196827
0.71001072 0.14200214 0.68972470
0.71773169 0.16405296 0.67671845
0.72508694 0.18645093 0.66293663
0.73203177 0.20915194 0.64837100
0.73852154 0.23210677 0.63301847
0.74451235 0.25526138 0.61688166
0.74996174 0.27855722 0.59996939
0.75482941 0.30193176 0.58229698
0.75907802 0.32531915 0.56388653
0.76267386 0.34865091 0.54476704
0.76558762 0.37185684 0.52497437
0.76779499 0.39486599 0.50455099
0.76927722 0.41760763 0.48354568
0.77002156 0.44001232 0.46201294
0.77002156 0.46201294 0.44001232
0.76927722 0.48354568 0.41760763
0.76779499 0.50455099 0.39486599
0.76558762 0.52497437 0.37185684
0.76267386 0.54476704 0.34865091
0.75907802 0.56388653 0.32531915
0.75482941 0.58229698 0.30193176
0.74996174 0.59996939 0.27855722
0.74451235 0.61688166 0.25526138
0.73852154 0.63301847 0.23210677
0.73203177 0.64837100 0.20915194
0.72508694 0.66293663 0.18645093
0.71773169 0.67671845 0.16405296
0.71001072 0.68972470 0.14200214
0.70196827 0.70196827 0.12033742
0.69364753 0.71346603 0.09909250
0.68509026 0.72423827 0.07829603
0.67633639 0.73430809 0.05797169
0.66742381 0.74370082 0.03813850
0.65838809 0.75244353 0.01881109
0.64926238 0.76056450 0.00000000
0.66896473 0.00000000 0.74329415
0.67815974 0.01883777 0.73467306
0.68724319 0.03818018 0.72542337
0.69618041 0.05801503 0.71551876
0.70493440 0.07832604 0.70493440
0.71346603 0.09909250 0.69364753
0.72173425 0.12028904 0.68163790
0.72969642 0.14188541 0.66888838
0.73730873 0.16384638 0.65538554
0.74452665 0.18613166 0.64112017
0.75130548 0.20869597 0.62608790
0.75760099 0.23148919 0.61028968
0.76337004 0.25445668 0.59373225
0.76857135 0.27753965 0.57642851
0.77316620 0.30067575 0.55839781
0.77711921 0.32379967 0.53966611
0.78039897 0.34684399 0.52026598
0.78297881 0.36973999 0.50023646
0.78483730 0.39241865 0.47962279
0.78595876 0.41481157 0.45847594
0.78633365 0.43685203 0.43685203
0.78595876 0.45847594 0.41481157
0.78483730 0.47962279 0.39241865
0.78297881 0.50023646 0.36973999
0.78039897 0.52026598 0.34684399
0.77711921 0.53966611 0.32379967
0.77316620 0.55839781 0.30067575
0.76857135 0.57642851 0.27753965
0.76337004 0.59373225 0.25445668
0.75760099 0.61028968 0.23148919
0.75130548 0.62608790 0.20869597
0.74452665 0.64112017 0.18613166
0.73730873 0.65538554 0.16384638
0.72969642 0.66888838 0.14188541
0.72173425 0.68163790 0.12028904
0.71346603 0.69364753 0.09909250
0.70493440 0.70493440 0.07832604
0.69618041 0.71551876 0.05801503
0.68724319 0.72542337 0.03818018
0.67815974 0.73467306 0.01883777
0.66896473 0.74329415 0.00000000
0.68826043 0.00000000 0.72546370
0.69749272 0.01885115 0.71634387
0.70659083 0.03819410 0.70659083
0.71551876 0.05801503 0.69618041
0.72423827 0.07829603 0.68509026
0.73270918 0.09901475 0.67330033
0.74088960 0.12014426 0.66079343
0.74873631 0.14165282 0.64755573
0.75620519 0.16350382 0.63357732
0.76325172 0.18565582 0.61885275
0.76983160 0.20806259 0.60338152
0.77590133 0.23067337 0.58716857
0.78141892 0.25343316 0.57022461
0.78634461 0.27628324 0.55256648
0.79064161 0.29916169 0.53421730
0.79427676 0.32200409 0.51520655
0.79722127 0.34474433 0.49556998
0.79945126 0.36731544 0.47534940
0.80094836 0.38965055 0.45459231
0.80170007 0.41168382 0.43335139
0.80170007 0.43335139 0.41168382
0.80094836 0.45459231 0.38965055
0.79945126 0.47534940 0.36731544
0.79722127 0.49556998 0.34474433
0.79427676 0.51520655 0.32200409
0.79064161 0.53421730 0.29916169
0.78634461 0.55256648 0.27628324
0.78141892 0.57022461 0.25343316
0.77590133 0.58716857 0.23067337
0.76983160 0.60338152 0.20806259
0.76325172 0.61885275 0.18565582
0.75620519 0.63357732 0.16350382
0.74873631 0.64755573 0.14165282
0.74088960 0.66079343 0.12014426
0.73270918 0.67330033 0.09901475
0.72423827 0.68509026 0.07829603
0.71551876 0.69618041 0.05801503
0.70659083 0.70659083 0.03819410
0.69749272 0.71634387 0.01885115
0.68826043 0.72546370 0.00000000
0.70710678 0.00000000 0.70710678
0.71634387 0.01885115 0.69749272
0.72542337 0.03818018 0.68724319
0.73430809 0.05797169 0.67633639
0.74295879 0.07820619 0.66475260
0.75133449 0.09885980 0.65247469
0.75939273 0.11990412 0.63948861
0.76708999 0.14130605 0.62578394
0.77438219 0.16302783 0.61135436
0.78122517 0.18502701 0.59619816
0.78757534 0.20725667 0.58031867
0.79339031 0.22966561 0.56372469
0.79862957 0.25219881 0.54643076
0.80325522 0.27479784 0.52845738
0.80723265 0.29740150 0.50983115
0.81053123 0.31994654 0.49058469
0.81312494 0.34236839 0.47075654
0.81499290 0.36460209 0.45039081
0.81611988 0.38658310 0.42953678
0.81649658 0.40824829 0.40824829
0.81611988 0.42953678 0.38658310
0.81499290 0.45039081 0.36460209
0.81312494 0.47075654 0.34236839
0.81053123 0.49058469 0.31994654
0.80723265 0.50983115 0.29740150
0.80325522 0.52845738 0.27479784
0.79862957 0.54643076 0.25219881
0.79339031 0.56372469 0.22966561
0.78757534 0.58031867 0.20725667
0.78122517 0.59619816 0.18502701
0.77438219 0.61135436 0.16302783
0.76708999 0.62578394 0.14130605
0.75939273 0.63948861 0.11990412
0.75133449 0.65247469 0.09885980
0.74295879 0.66475260 0.07820619
0.73430809 0.67633639 0.05797169
0.72542337 0.68724319 0.03818018
0.71634387 0.69749272 0.01885115
0.70710678 0.70710678 0.00000000
0.72546370 0.00000000 0.68826043
0.73467306 0.01883777 0.67815974
0.74370082 0.03813850 0.66742381
0.75250883 0.05788529 0.65603334
0.76105711 0.07805714 0.64397140
0.76930410 0.09862873 0.63122387
0.77720707 0.11957032 0.61777998
0.78472255 0.14084764 0.60363273
0.79180677 0.16242190 0.58877939
0.79841629 0.18424991 0.57322195
0.80450857 0.20628425 0.55696747
0.81004266 0.22847357 0.54002844
0.81497984 0.25076303 0.52242297
0.81928434 0.27309478 0.50417498
0.82292401 0.29540862 0.48531416
0.82587092 0.31764266 0.46587590
0.82810200 0.33973416 0.44590108
0.82959948 0.36162029 0.42543563
0.83035127 0.38323905 0.40453010
0.83035127 0.40453010 0.38323905
0.82959948 0.42543563 0.36162029
0.82810200 0.44590108 0.33973416
0.82587092 0.46587590 0.31764266
0.82292401 0.48531416 0.29540862
0.81928434 0.50417498 0.27309478
0.81497984 0.52242297 0.25076303
0.81004266 0.54002844 0.22847357
0.80450857 0.55696747 0.20628425
0.79841629 0.57322195 0.18424991
0.79180677 0.58877939 0.16242190
0.78472255 0.60363273 0.14084764
0.77720707 0.61777998 0.11957032
0.76930410 0.63122387 0.09862873
0.76105711 0.64397140 0.07805714
0.75250883 0.65603334 0.05788529
0.74370082 0.66742381 0.03813850
0.73467306 0.67815974 0.01883777
0.72546370 0.68826043 0.00000000
0.74329415 0.00000000 0.66896473
0.75244353 0.01881109 0.65838809
0.76138699 0.03806935 0.64717894
0.77008563 0.05775642 0.63532064
0.77849894 0.07784989 0.62279916
0.78658513 0.09832314 0.60960347
0.79430147 0.11914522 0.59572610
0.80160482 0.14028084 0.58116349
0.80845208 0.16169042 0.56591646
0.81480084 0.18333019 0.54999057
0.82060994 0.20515248 0.53339646
0.82584014 0.22710604 0.51615009
0.83045480 0.24913644 0.49827288
0.83442053 0.27118667 0.47979180
0.83770782 0.29319774 0.46073930
0.84029163 0.31510936 0.44115311
0.84215192 0.33686077 0.42107596
0.84327404 0.35839147 0.40055517
0.84364908 0.37964209 0.37964209
0.84327404 0.40055517 0.35839147
0.84215192 0.42107596 0.33686077
0.84029163 0.44115311 0.31510936
0.83770782 0.46073930 0.29319774
0.83442053 0.47979180 0.27118667
0.83045480 0.49827288 0.24913644
0.82584014 0.51615009 0.22710604
0.82060994 0.53339646 0.20515248
0.81480084 0.54999057 0.18333019
0.80845208 0.56591646 0.16169042
0.80160482 0.58116349 0.14028084
0.79430147 0.59572610 0.11914522
0.78658513 0.60960347 0.09832314
0.77849894 0.62279916 0.07784989
0.77008563 0.63532064 0.05775642
0.76138699 0.64717894 0.03806935
0.75244353 0.65838809 0.01881109
0.74329415 0.66896473 0.00000000
0.76056450 0.00000000 0.64926238
0.76962233 0.01877128 0.63822340
0.77844983 0.03797316 0.62655718
0.78700762 0.05758592 0.61424985
0.79525493 0.07758585 0.60129031
0.80314998 0.09794512 0.58767071
0.81065037 0.11863176 0.57338685
0.81771360 0.13960964 0.55843856
0.82429755 0.16083855 0.54283009
0.83036112 0.18227439 0.52657047
0.83586482 0.20386947 0.50967367
0.84077140 0.22557282 0.49215887
0.84504654 0.24733069 0.47405050
0.84865941 0.26908713 0.45537822
0.85158331 0.29078454 0.43617682
0.85379618 0.31236445 0.41648594
0.85528104 0.33376821 0.39634975
0.85602638 0.35493777 0.37581646
0.85602638 0.37581646 0.35493777
0.85528104 0.39634975 0.33376821
0.85379618 0.41648594 0.31236445
0.85158331 0.43617682 0.29078454
0.84865941 0.45537822 0.26908713
0.84504654 0.47405050 0.24733069
0.84077140 0.49215887 0.22557282
0.83586482 0.50967367 0.20386947
0.83036112 0.52657047 0.18227439
0.82429755 0.54283009 0.16083855
0.81771360 0.55843856 0.13960964
0.81065037 0.57338685 0.11863176
0.80314998 0.58767071 0.09794512
0.79525493 0.60129031 0.07758585
0.78700762 0.61424985 0.05758592
0.77844983 0.62655718 0.03797316
0.76962233 0.63822340 0.01877128
0.76056450 0.64926238 0.00000000
0.77724487 0.00000000 0.62919823
0.78618057 0.01871858 0.61771330
0.79486172 0.03785056 0.60560893
0.80324871 0.05737491 0.59287405
0.81130078 0.07726674 0.57950056
0.81897645 0.09749720 0.56548374
0.82623395 0.11803342 0.55082263
0.83303168 0.13883861 0.53552037
0.83932881 0.15987215 0.51958450
0.84508582 0.18108982 0.50302727
0.85026515 0.20244408 0.48586580
0.85483178 0.22388451 0.46812216
0.85875386 0.24535825 0.44982345
0.86200331 0.26681055 0.43100165
0.86455632 0.28818544 0.41169348
0.86639385 0.30942637 0.39194007
0.86750200 0.33047695 0.37178657
0.86787234 0.35128166 0.35128166
0.86750200 0.37178657 0.33047695
0.86639385 0.39194007 0.30942637
0.86455632 0.41169348 0.28818544
0.86200331 0.43100165 0.26681055
0.85875386 0.44982345 0.24535825
0.85483178 0.46812216 0.22388451
0.85026515 0.48586580 0.20244408
0.84508582 0.50302727 0.18108982
0.83932881 0.51958450 0.15987215
0.83303168 0.53552037 0.13883861
0.82623395 0.55082263 0.11803342
0.81897645 0.56548374 0.09749720
0.81130078 0.57950056 0.07726674
0.80324871 0.59287405 0.05737491
0.79486172 0.60560893 0.03785056
0.78618057 0.61771330 0.01871858
0.77724487 0.62919823 0.00000000
0.79330933 0.00000000 0.60881879
0.80209364 0.01865334 0.59690690
0.81059964 0.03770231 0.58438579
0.81878773 0.05712473 0.57124725
0.82661743 0.07689464 0.55748617
0.83404785 0.09698231 0.54310093
0.84103809 0.11735415 0.52809368
0.84754777 0.13797289 0.51247074
0.85353758 0.15879769 0.49624278
0.85896985 0.17978439 0.47942503
0.86380916 0.20088585 0.46203746
0.86802289 0.22205237 0.44410473
0.87158183 0.24323214 0.42565624
0.87446072 0.26437185 0.40672592
0.87663871 0.28541725 0.38735199
0.87809978 0.30631388 0.36757665
0.87883305 0.32700765 0.34744563
0.87883305 0.34744563 0.32700765
0.87809978 0.36757665 0.30631388
0.87663871 0.38735199 0.28541725
0.87446072 0.40672592 0.26437185
0.87158183 0.42565624 0.24323214
0.86802289 0.44410473 0.22205237
0.86380916 0.46203746 0.20088585
0.85896985 0.47942503 0.17978439
0.85353758 0.49624278 0.15879769
0.84754777 0.51247074 0.13797289
0.84103809 0.52809368 0.11735415
0.83404785 0.54310093 0.09698231
0.82661743 0.55748617 0.07689464
0.81878773 0.57124725 0.05712473
0.81059964 0.58438579 0.03770231
0.80209364 0.59690690 0.01865334
0.79330933 0.60881879 0.00000000
0.80873608 0.00000000 0.58817170
0.81734138 0.01857594 0.57585415
0.82564529 0.03752933 0.56293997
0.83360847 0.05683694 0.54942377
0.84119102 0.07647191 0.53530338
0.84835288 0.09640374 0.52058017
0.85505428 0.11659831 0.50525935
0.86125632 0.13701805 0.48935018
0.86692145 0.15762208 0.47286624
0.87201404 0.17836651 0.45582552
0.87650098 0.19920477 0.43825049
0.88035221 0.22008805 0.42016810
0.88354126 0.24096580 0.40160966
0.88604574 0.26178624 0.38261066
0.88784774 0.28249701 0.36321044
0.88893424 0.30304576 0.34345187
0.88929729 0.32338083 0.32338083
0.88893424 0.34345187 0.30304576
0.88784774 0.36321044 0.28249701
0.88604574 0.38261066 0.26178624
0.88354126 0.40160966 0.24096580
0.88035221 0.42016810 0.22008805
0.87650098 0.43825049 0.19920477
0.87201404 0.45582552 0.17836651
0.86692145 0.47286624 0.15762208
0.86125632 0.48935018 0.13701805
0.85505428 0.50525935 0.11659831
0.84835288 0.52058017 0.09640374
0.84119102 0.53530338 0.07647191
0.83360847 0.54942377 0.05683694
0.82564529 0.56293997 0.03752933
0.81734138 0.57585415 0.01857594
0.80873608 0.58817170 0.00000000
0.82350760 0.00000000 0.56730524
0.83190810 0.01848685 0.55460540
0.83998507 0.03733267 0.54132371
0.84769968 0.05651331 0.52745758
0.85501283 0.07600114 0.51300770
0.86188553 0.09576506 0.49797830
0.86827942 0.11577059 0.48237746
0.87415728 0.13598002 0.46621721
0.87948349 0.15635262 0.44951379
0.88422468 0.17684494 0.43228762
0.88835017 0.19741115 0.41456341
0.89183254 0.21800351 0.39637002
0.89464812 0.23857283 0.37774032
0.89677739 0.25906902 0.35871096
0.89820538 0.27944167 0.33932203
0.89892194 0.29964065 0.31961669
0.89892194 0.31961669 0.29964065
0.89820538 0.33932203 0.27944167
0.89677739 0.35871096 0.25906902
0.89464812 0.37774032 0.23857283
0.89183254 0.39637002 0.21800351
0.88835017 0.41456341 0.19741115
0.88422468 0.43228762 0.17684494
0.87948349 0.44951379 0.15635262
0.87415728 0.46621721 0.13598002
0.86827942 0.48237746 0.11577059
0.86188553 0.49797830 0.09576506
0.85501283 0.51300770 0.07600114
0.84769968 0.52745758 0.05651331
0.83998507 0.54132371 0.03733267
0.83190810 0.55460540 0.01848685
0.82350760 0.56730524 0.00000000
0.83761060 0.00000000 0.54626778
0.84578260 0.01838658 0.53321077
0.85361006 0.03711348 0.51958873
0.86105491 0.05615575 0.50540179
0.86807906 0.07548514 0.49065338
0.87464485 0.09507009 0.47535046
0.88071552 0.11487594 0.45950375
0.88625569 0.13486500 0.44312784
0.89123190 0.15499685 0.42624134
0.89561310 0.17522865 0.40886685
0.89937117 0.19551547 0.39103094
0.90248140 0.21581077 0.37276406
0.90492290 0.23606684 0.35410026
0.90667901 0.25623537 0.33507702
0.90773759 0.27626796 0.31573482
0.90809128 0.29611672 0.29611672
0.90773759 0.31573482 0.27626796
0.90667901 0.33507702 0.25623537
0.90492290 0.35410026 0.23606684
0.90248140 0.37276406 0.21581077
0.89937117 0.39103094 0.19551547
0.89561310 0.40886685 0.17522865
0.89123190 0.42624134 0.15499685
0.88625569 0.44312784 0.13486500
0.88071552 0.45950375 0.11487594
0.87464485 0.47535046 0.09507009
0.86807906 0.49065338 0.07548514
0.86105491 0.50540179 0.05615575
0.85361006 0.51958873 0.03711348
0.84578260 0.53321077 0.01838658
0.83761060 0.54626778 0.00000000
0.85103601 0.00000000 0.52510733
0.85895806 0.01827570 0.51171970
0.86651588 0.03687302 0.49778572
0.87367236 0.05576632 0.48330811
0.88039066 0.07492686 0.46829291
0.88663465 0.09432283 0.45274961
0.89236932 0.11391949 0.43669137
0.89756133 0.13367935 0.42013509
0.90217946 0.15356246 0.40310146
0.90619512 0.17352672 0.38561494
0.90958277 0.19352825 0.36770367
0.91232043 0.21352180 0.34939931
0.91438997 0.23346127 0.33073680
0.91577751 0.25330016 0.31175405
0.91647365 0.27299215 0.29249159
0.91647365 0.29249159 0.27299215
0.91577751 0.31175405 0.25330016
0.91438997 0.33073680 0.23346127
0.91232043 0.34939931 0.21352180
0.90958277 0.36770367 0.19352825
0.90619512 0.38561494 0.17352672
0.90217946 0.40310146 0.15356246
0.89756133 0.42013509 0.13367935
0.89236932 0.43669137 0.11391949
0.88663465 0.45274961 0.09432283
0.88039066 0.46829291 0.07492686
0.87367236 0.48330811 0.05576632
0.86651588 0.49778572 0.03687302
0.85895806 0.51171970 0.01827570
0.85103601 0.52510733 0.00000000
0.86377890 0.00000000 0.50387103
0.87143189 0.01815483 0.49018044
0.87870243 0.03661260 0.47596382
0.88555460 0.05534716 0.46122635
0.89195298 0.07432941 0.44597649
0.89786310 0.09352741 0.43022607
0.90325192 0.11290649 0.41399046
0.90808821 0.13242953 0.39728859
0.91234311 0.15205718 0.38014296
0.91599050 0.17174822 0.36257957
0.91900750 0.19145990 0.34462781
0.92137477 0.21114838 0.32632023
0.92307692 0.23076923 0.30769231
0.92410275 0.25027783 0.28878211
0.92444546 0.26962993 0.26962993
0.92410275 0.28878211 0.25027783
0.92307692 0.30769231 0.23076923
0.92137477 0.32632023 0.21114838
0.91900750 0.34462781 0.19145990
0.91599050 0.36257957 0.17174822
0.91234311 0.38014296 0.15205718
0.90808821 0.39728859 0.13242953
0.90325192 0.41399046 0.11290649
0.89786310 0.43022607 0.09352741
0.89195298 0.44597649 0.07432941
0.88555460 0.46122635 0.05534716
0.87870243 0.47596382 0.03661260
0.87143189 0.49018044 0.01815483
0.86377890 0.50387103 0.00000000
0.87583826 0.00000000 0.48260475
0.88320552 0.01802460 0.46863966
0.89017371 0.03633362 0.45417026
0.89670828 0.05490051 0.43920405
0.90277538 0.07369595 0.42375171
0.90834240 0.09268800 0.40782720
0.91337829 0.11184224 0.39144784
0.91785410 0.13112201 0.37463432
0.92174333 0.15048871 0.35741068
0.92502239 0.16990207 0.33980414
0.92767100 0.18932061 0.32184504
0.92967245 0.20870198 0.30356651
0.93101397 0.22800342 0.28500428
0.93168691 0.24718224 0.26619626
0.93168691 0.26619626 0.24718224
0.93101397 0.28500428 0.22800342
0.92967245 0.30356651 0.20870198
0.92767100 0.32184504 0.18932061
0.92502239 0.33980414 0.16990207
0.92174333 0.35741068 0.15048871
0.91785410 0.37463432 0.13112201
0.91337829 0.39144784 0.11184224
0.90834240 0.40782720 0.09268800
0.90277538 0.42375171 0.07369595
0.89670828 0.43920405 0.05490051
0.89017371 0.45417026 0.03633362
0.88320552 0.46863966 0.01802460
0.87583826 0.48260475 0.00000000
0.88721680 0.00000000 0.46135274
0.89428412 0.01788568 0.44714206
0.90093746 0.03603750 0.43244998
0.90714376 0.05442863 0.41728613
0.91287093 0.07302967 0.40166321
0.91808825 0.09180883 0.38559707
0.92276684 0.11073202 0.36910674
0.92688000 0.12976320 0.35221440
0.93040366 0.14886459 0.33494532
0.93331674 0.16799701 0.31732769
0.93560149 0.18712030 0.29939248
0.93724376 0.20619363 0.28117313
0.93823328 0.22517599 0.26270532
0.93856382 0.24402659 0.24402659
0.93823328 0.26270532 0.22517599
0.93724376 0.28117313 0.20619363
0.93560149 0.29939248 0.18712030
0.93331674 0.31732769 0.16799701
0.93040366 0.33494532 0.14886459
0.92688000 0.35221440 0.12976320
0.92276684 0.36910674 0.11073202
0.91808825 0.38559707 0.09180883
0.91287093 0.40166321 0.07302967
0.90714376 0.41728613 0.05442863
0.90093746 0.43244998 0.03603750
0.89428412 0.44714206 0.01788568
0.88721680 0.46135274 0.00000000
0.89792072 0.00000000 0.44015722
0.90467633 0.01773875 0.42573004
0.91100483 0.03572568 0.41084532
0.91687477 0.05393381 0.39551461
0.92225589 0.07233379 0.37975242
0.92711950 0.09089407 0.36357627
0.93143888 0.10958104 0.34700664
0.93518965 0.12835936 0.33006694
0.93835016 0.14719218 0.31278339
0.94090176 0.16604149 0.29518487
0.94282918 0.18486847 0.27730270
0.94412073 0.20363388 0.25917040
0.94476849 0.22229847 0.24082334
0.94476849 0.24082334 0.22229847
0.94412073 0.25917040 0.20363388
0.94282918 0.27730270 0.18486847
0.94090176 0.29518487 0.16604149
0.93835016 0.31278339 0.14719218
0.93518965 0.33006694 0.12835936
0.93143888 0.34700664 0.10958104
0.92711950 0.36357627 0.09089407
0.92225589 0.37975242 0.07233379
0.91687477 0.39551461 0.05393381
0.91100483 0.41084532 0.03572568
0.90467633 0.42573004 0.01773875
0.89792072 0.44015722 0.00000000
0.90795938 0.00000000 0.41905818
0.91439393 0.01758450 0.40444347
0.92039002 0.03539962 0.38939578
0.92591794 0.05341834 0.37392840
0.93094934 0.07161149 0.35805744
0.93545759 0.08994785 0.34180181
0.93941819 0.10839441 0.32518322
0.94280904 0.12691660 0.30822603
0.94561086 0.14547859 0.29095719
0.94780740 0.16404359 0.27340598
0.94938577 0.18257419 0.25560386
0.95033658 0.20103274 0.23758414
0.95065415 0.21938173 0.21938173
0.95033658 0.23758414 0.20103274
0.94938577 0.25560386 0.18257419
0.94780740 0.27340598 0.16404359
0.94561086 0.29095719 0.14547859
0.94280904 0.30822603 0.12691660
0.93941819 0.32518322 0.10839441
0.93545759 0.34180181 0.08994785
0.93094934 0.35805744 0.07161149
0.92591794 0.37392840 0.05341834
0.92039002 0.38939578 0.03539962
0.91439393 0.40444347 0.01758450
0.90795938 0.41905818 0.00000000
0.91734501 0.00000000 0.39809312
0.92345146 0.01742361 0.38331947
0.92910992 0.03506075 0.36813789
0.93429247 0.05288448 0.35256320
0.93897274 0.07086587 0.33661287
0.94312619 0.08897417 0.32030701
0.94673051 0.10717704 0.30366828
0.94976588 0.12544078 0.28672178
0.95221532 0.14373061 0.26949490
0.95406488 0.16201102 0.25201714
0.95530392 0.18024602 0.23431983
0.95592526 0.19839958 0.21643591
0.95592526 0.21643591 0.19839958
0.95530392 0.23431983 0.18024602
0.95406488 0.25201714 0.16201102
0.95221532 0.26949490 0.14373061
0.94976588 0.28672178 0.12544078
0.94673051 0.30366828 0.10717704
0.94312619 0.32030701 0.08897417
0.93897274 0.33661287 0.07086587
0.93429247 0.35256320 0.05288448
0.92910992 0.36813789 0.03506075
0.92345146 0.38331947 0.01742361
0.91734501 0.39809312 0.00000000
0.92609236 0.00000000 0.37729689
0.93186589 0.01725678 0.36239229
0.93718368 0.03471051 0.34710507
0.94201969 0.05233443 0.33145137
0.94634951 0.07009996 0.31544984
0.95015071 0.08797692 0.29912152
0.95340314 0.10593368 0.28248982
0.95608921 0.12393749 0.26558034
0.95819415 0.14195469 0.24842070
0.95970621 0.15995103 0.23104038
0.96061689 0.17789202 0.21347042
0.96092103 0.19574317 0.19574317
0.96061689 0.21347042 0.17789202
0.95970621 0.23104038 0.15995103
0.95819415 0.24842070 0.14195469
0.95608921 0.26558034 0.12393749
0.95340314 0.28248982 0.10593368
0.95015071 0.29912152 0.08797692
0.94634951 0.31544984 0.07009996
0.94201969 0.33145137 0.05233443
0.93718368 0.34710507 0.03471051
0.93186589 0.36239229 0.01725678
0.92609236 0.37729689 0.00000000
0.93421839 0.00000000 0.35670157
0.93965626 0.01708466 0.34169318
0.94463241 0.03435027 0.32632756
0.94912266 0.05177033 0.31062196
0.95310462 0.06931670 0.29459597
0.95655790 0.08695981 0.27827139
0.95946450 0.10466885 0.26167214
0.96180895 0.12241205 0.24482410
0.96357861 0.14015689 0.22775494
0.96476382 0.15787044 0.21049392
0.96535807 0.17551965 0.19307161
0.96535807 0.19307161 0.17551965
0.96476382 0.21049392 0.15787044
0.96357861 0.22775494 0.14015689
0.96180895 0.24482410 0.12241205
0.95946450 0.26167214 0.10466885
0.95655790 0.27827139 0.08695981
0.95310462 0.29459597 0.06931670
0.94912266 0.31062196 0.05177033
0.94463241 0.32632756 0.03435027
0.93965626 0.34169318 0.01708466
0.93421839 0.35670157 0.00000000
0.94174191 0.00000000 0.33633640
0.94684333 0.01690792 0.32125042
0.95147873 0.03398138 0.30583245
0.95562583 0.05119424 0.29010070
0.95926419 0.06851887 0.27407548
0.96237548 0.08592638 0.25777915
0.96494372 0.10338683 0.24123593
0.96695552 0.12086944 0.22447182
0.96840025 0.13834289 0.20751434
0.96927020 0.15577557 0.19039236
0.96956071 0.17313584 0.17313584
0.96927020 0.19039236 0.15577557
0.96840025 0.20751434 0.13834289
0.96695552 0.22447182 0.12086944
0.96494372 0.24123593 0.10338683
0.96237548 0.25777915 0.08592638
0.95926419 0.27407548 0.06851887
0.95562583 0.29010070 0.05119424
0.95147873 0.30583245 0.03398138
0.94684333 0.32125042 0.01690792
0.94174191 0.33633640 0.00000000
0.94868330 0.00000000 0.31622777
0.95344925 0.01672718 0.30108924
0.95774651 0.03360514 0.28564370
0.96155466 0.05060814 0.26991008
0.96485520 0.06770914 0.25390926
0.96763177 0.08487998 0.23766394
0.96987036 0.10209162 0.22119850
0.97155954 0.11931433 0.20453885
0.97269058 0.13651798 0.18771222
0.97325758 0.15367225 0.17074694
0.97325758 0.17074694 0.15367225
0.97269058 0.18771222 0.13651798
0.97155954 0.20453885 0.11931433
0.96987036 0.22119850 0.10209162
0.96763177 0.23766394 0.08487998
0.96485520 0.25390926 0.06770914
0.96155466 0.26991008 0.05060814
0.95774651 0.28564370 0.03360514
0.95344925 0.30108924 0.01672718
0.94868330 0.31622777 0.00000000
0.95506414 0.00000000 0.29639921
0.95949722 0.01654306 0.28123194
0.96346047 0.03322277 0.26578220
0.96693530 0.05001389 0.25006947
0.96990509 0.06689001 0.23411502
0.97235538 0.08382374 0.21794172
0.97427405 0.10078697 0.20157394
0.97565151 0.11775104 0.18503736
0.97648079 0.13468701 0.16835876
0.97675769 0.15156585 0.15156585
0.97648079 0.16835876 0.13468701
0.97565151 0.18503736 0.11775104
0.97427405 0.20157394 0.10078697
0.97235538 0.21794172 0.08382374
0.96990509 0.23411502 0.06689001
0.96693530 0.25006947 0.05001389
0.96346047 0.26578220 0.03322277
0.95949722 0.28123194 0.01654306
0.95506414 0.29639921 0.00000000
0.96090695 0.00000000 0.27687150
0.96501122 0.01635612 0.26169796
0.96864593 0.03283546 0.24626591
0.97179430 0.04941327 0.23059526
0.97444152 0.06606383 0.21470745
0.97657495 0.08276059 0.19862541
0.97818425 0.09947636 0.18237333
0.97926154 0.11618357 0.16597653
0.97980153 0.13285444 0.14946125
0.97980153 0.14946125 0.13285444
0.97926154 0.16597653 0.11618357
0.97818425 0.18237333 0.09947636
0.97657495 0.19862541 0.08276059
0.97444152 0.21470745 0.06606383
0.97179430 0.23059526 0.04941327
0.96864593 0.24626591 0.03283546
0.96501122 0.26169796 0.01635612
0.96090695 0.27687150 0.00000000
0.96623494 0.00000000 0.25766265
0.97001571 0.01616693 0.24250393
0.97332853 0.03244428 0.22710999
0.97615835 0.04880792 0.21150098
0.97849211 0.06523281 0.19569842
0.98031887 0.08169324 0.17972513
0.98162999 0.09816300 0.16360500
0.98241918 0.11461557 0.14736288
0.98268267 0.13102436 0.13102436
0.98241918 0.14736288 0.11461557
0.98162999 0.16360500 0.09816300
0.98031887 0.17972513 0.08169324
0.97849211 0.19569842 0.06523281
0.97615835 0.21150098 0.04880792
0.97332853 0.22710999 0.03244428
0.97001571 0.24250393 0.01616693
0.96623494 0.25766265 0.00000000
0.97107169 0.00000000 0.23878812
0.97453540 0.01597599 0.22366386
0.97753398 0.03205029 0.20832691
0.98005405 0.04819938 0.19279752
0.98208420 0.06439896 0.17709715
0.98361512 0.08062419 0.16124838
0.98463972 0.09684981 0.14527471
0.98515322 0.11305037 0.12920042
0.98515322 0.12920042 0.11305037
0.98463972 0.14527471 0.09684981
0.98361512 0.16124838 0.08062419
0.98208420 0.17709715 0.06439896
0.98005405 0.19279752 0.04819938
0.97753398 0.20832691 0.03205029
0.97453540 0.22366386 0.01597599
0.97107169 0.23878812 0.00000000
0.97544100 0.00000000 0.22026087
0.97859503 0.01578379 0.20518928
0.98128785 0.03165445 0.18992668
0.98350769 0.04758908 0.17449330
0.98524468 0.06356417 0.15891043
0.98649103 0.07955573 0.14320031
0.98724112 0.09553946 0.12738595
0.98749153 0.11149098 0.11149098
0.98724112 0.12738595 0.09553946
0.98649103 0.14320031 0.07955573
0.98524468 0.15891043 0.06356417
0.98350769 0.17449330 0.04758908
0.98128785 0.18992668 0.03165445
0.97859503 0.20518928 0.01578379
0.97544100 0.22026087 0.00000000
0.97936664 0.00000000 0.20209153
0.98221917 0.01559078 0.18708937
0.98461541 0.03125763 0.17191698
0.98654509 0.04697834 0.15659446
0.98799981 0.06273015 0.14114283
0.98897321 0.07848994 0.12558390
0.98946099 0.09423438 0.10994011
0.98946099 0.10994011 0.09423438
0.98897321 0.12558390 0.07848994
0.98799981 0.14114283 0.06273015
0.98654509 0.15659446 0.04697834
0.98461541 0.17191698 0.03125763
0.98221917 0.18708937 0.01559078
0.97936664 0.20209153 0.00000000
0.98287219 0.00000000 0.18428854
0.98543206 0.01539738 0.16937113
0.98754144 0.03086067 0.15430335
0.98919147 0.04636835 0.13910505
0.99037514 0.06189845 0.12379689
0.99108738 0.07742870 0.10840018
0.99132514 0.09293673 0.09293673
0.99108738 0.10840018 0.07742870
0.99037514 0.12379689 0.06189845
0.98919147 0.13910505 0.04636835
0.98754144 0.15430335 0.03086067
0.98543206 0.16937113 0.01539738
0.98287219 0.18428854 0.00000000
0.98598089 0.00000000 0.16685830
0.98825745 0.01520396 0.15203961
0.99009011 0.03046431 0.13708940
0.99147131 0.04576021 0.12202724
0.99239533 0.06107048 0.10687334
0.99285831 0.07637372 0.09164846
0.99285831 0.09164846 0.07637372
0.99239533 0.10687334 0.06107048
0.99147131 0.12202724 0.04576021
0.99009011 0.13708940 0.03046431
0.98825745 0.15203961 0.01520396
0.98598089 0.16685830 0.00000000
0.98871550 0.00000000 0.14980538
0.99071853 0.01501089 0.13509798
0.99228489 0.03006924 0.12027696
0.99340827 0.04515492 0.10536148
0.99408413 0.06024752 0.09037128
0.99430973 0.07532649 0.07532649
0.99408413 0.09037128 0.06024752
0.99340827 0.10536148 0.04515492
0.99228489 0.12027696 0.03006924
0.99071853 0.13509798 0.01501089
0.98871550 0.14980538 0.00000000
0.99109823 0.00000000 0.13313260
0.99283777 0.01481847 0.11854779
0.99414845 0.02967607 0.10386626
0.99502512 0.04455336 0.08910673
0.99546433 0.05943071 0.07428838
0.99546433 0.07428838 0.05943071
0.99502512 0.08910673 0.04455336
0.99414845 0.10386626 0.02967607
0.99283777 0.11854779 0.01481847
0.99109823 0.13313260 0.00000000
0.99315060 0.00000000 0.11684125
0.99463688 0.01462701 0.10238909
0.99570260 0.02928537 0.08785611
0.99634368 0.04395634 0.07326056
0.99655765 0.05862104 0.05862104
0.99634368 0.07326056 0.04395634
0.99570260 0.08785611 0.02928537
0.99463688 0.10238909 0.01462701
0.99315060 0.11684125 0.00000000
0.99489341 0.00000000 0.10093122
0.99613676 0.01443676 0.08662059
0.99696826 0.02889763 0.07224408
0.99738480 0.04336456 0.05781941
0.99738480 0.05781941 0.04336456
0.99696826 0.07224408 0.02889763
0.99613676 0.08662059 0.01443676
0.99489341 0.10093122 0.00000000
0.99634665 0.00000000 0.08540114
0.99735745 0.01424796 0.07123982
0.99796541 0.02851330 0.05702659
0.99816831 0.04277864 0.04277864
0.99796541 0.05702659 0.02851330
0.99735745 0.07123982 0.01424796
0.99634665 0.08540114 0.00000000
0.99752952 0.00000000 0.07024856
0.99831808 0.01406082 0.05624327
0.99871306 0.02813276 0.04219914
0.99871306 0.04219914 0.02813276
0.99831808 0.05624327 0.01406082
0.99752952 0.07024856 0.00000000
0.99846035 0.00000000 0.05547002
0.99903689 0.01387551 0.04162654
0.99922929 0.02775637 0.02775637
0.99903689 0.04162654 0.01387551
0.99846035 0.05547002 0.00000000
0.99915663 0.00000000 0.04106123
0.99953120 0.01369221 0.02738442
0.99953120 0.02738442 0.01369221
0.99915663 0.04106123 0.00000000
0.99963497 0.00000000 0.02701716
0.99981743 0.01351105 0.01351105
0.99963497 0.02701716 0.00000000
0.99991112 0.00000000 0.01333215
0.99991112 0.01333215 0.00000000
1.00000000 0.00000000 0.00000000
