0.00000000 0.00000000 0.50000000
0.00000000 0.00657895 0.49342105
0.00000000 0.01315789 0.48684211
0.00000000 0.01973684 0.48026316
0.00000000 0.02631579 0.47368421
0.00000000 0.03289474 0.46710526
0.00000000 0.03947368 0.46052632
0.00000000 0.04605263 0.45394737
0.00000000 0.05263158 0.44736842
0.00000000 0.05921053 0.44078947
0.00000000 0.06578947 0.43421053
0.00000000 0.07236842 0.42763158
0.00000000 0.07894737 0.42105263
0.00000000 0.08552632 0.41447368
0.00000000 0.09210526 0.40789474
0.00000000 0.09868421 0.40131579
0.00000000 0.10526316 0.39473684
0.00000000 0.11184211 0.38815789
0.00000000 0.11842105 0.38157895
0.00000000 0.12500000 0.37500000
0.00000000 0.13157895 0.36842105
0.00000000 0.13815789 0.36184211
0.00000000 0.14473684 0.35526316
0.00000000 0.15131579 0.34868421
0.00000000 0.15789474 0.34210526
0.00000000 0.16447368 0.33552632
0.00000000 0.17105263 0.32894737
0.00000000 0.17763158 0.32236842
0.00000000 0.18421053 0.31578947
0.00000000 0.19078947 0.30921053
0.00000000 0.19736842 0.30263158
0.00000000 0.20394737 0.29605263
0.00000000 0.21052632 0.28947368
0.00000000 0.21710526 0.28289474
0.00000000 0.22368421 0.27631579
0.00000000 0.23026316 0.26973684
0.00000000 0.23684211 0.26315789
0.00000000 0.24342105 0.25657895
0.00000000 0.25000000 0.25000000
0.00000000 0.25657895 0.24342105
0.00000000 0.26315789 0.23684211
0.00000000 0.26973684 0.23026316
0.00000000 0.27631579 0.22368421
0.00000000 0.28289474 0.21710526
0.00000000 0.28947368 0.21052632
0.00000000 0.29605263 0.20394737
0.00000000 0.30263158 0.19736842
0.00000000 0.30921053 0.19078947
0.00000000 0.31578947 0.18421053
0.00000000 0.32236842 0.17763158
0.00000000 0.32894737 0.17105263
0.00000000 0.33552632 0.16447368
0.00000000 0.34210526 0.15789474
0.00000000 0.34868421 0.15131579
0.00000000 0.35526316 0.14473684
0.00000000 0.36184211 0.13815789
0.00000000 0.36842105 0.13157895
0.00000000 0.37500000 0.12500000
0.00000000 0.38157895 0.11842105
0.00000000 0.38815789 0.11184211
0.00000000 0.39473684 0.10526316
0.00000000 0.40131579 0.09868421
0.00000000 0.40789474 0.09210526
0.00000000 0.41447368 0.08552632
0.00000000 0.42105263 0.07894737
0.00000000 0.42763158 0.07236842
0.00000000 0.43421053 0.06578947
0.00000000 0.44078947 0.05921053
0.00000000 0.44736842 0.05263158
0.00000000 0.45394737 0.04605263
0.00000000 0.46052632 0.03947368
0.00000000 0.46710526 0.03289474
0.00000000 0.47368421 0.02631579
0.00000000 0.48026316 0.01973684
0.00000000 0.48684211 0.01315789
0.00000000 0.49342105 0.00657895
0.00000000 0.50000000 0.00000000
0.00657895 0.00000000 0.49342105
0.00657895 0.00657895 0.48684211
0.00657895 0.01315789 0.48026316
0.00657895 0.01973684 0.47368421
0.00657895 0.02631579 0.46710526
0.00657895 0.03289474 0.46052632
0.00657895 0.03947368 0.45394737
0.00657895 0.04605263 0.44736842
0.00657895 0.05263158 0.44078947
0.00657895 0.05921053 0.43421053
0.00657895 0.06578947 0.42763158
0.00657895 0.07236842 0.42105263
0.00657895 0.07894737 0.41447368
0.00657895 0.08552632 0.40789474
0.00657895 0.09210526 0.40131579
0.00657895 0.09868421 0.39473684
0.00657895 0.10526316 0.38815789
0.00657895 0.11184211 0.38157895
0.00657895 0.11842105 0.37500000
0.00657895 0.12500000 0.36842105
0.00657895 0.13157895 0.36184211
0.00657895 0.13815789 0.35526316
0.00657895 0.14473684 0.34868421
0.00657895 0.15131579 0.34210526
0.00657895 0.15789474 0.33552632
0.00657895 0.16447368 0.32894737
0.00657895 0.17105263 0.32236842
0.00657895 0.17763158 0.31578947
0.00657895 0.18421053 0.30921053
0.00657895 0.19078947 0.30263158
0.00657895 0.19736842 0.29605263
0.00657895 0.20394737 0.28947368
0.00657895 0.21052632 0.28289474
0.00657895 0.21710526 0.27631579
0.00657895 0.22368421 0.26973684
0.00657895 0.23026316 0.26315789
0.00657895 0.23684211 0.25657895
0.00657895 0.24342105 0.25000000
0.00657895 0.25000000 0.24342105
0.00657895 0.25657895 0.23684211
0.00657895 0.26315789 0.23026316
0.00657895 0.26973684 0.22368421
0.00657895 0.27631579 0.21710526
0.00657895 0.28289474 0.21052632
0.00657895 0.28947368 0.20394737
0.00657895 0.29605263 0.19736842
0.00657895 0.30263158 0.19078947
0.00657895 0.30921053 0.18421053
0.00657895 0.31578947 0.17763158
0.00657895 0.32236842 0.17105263
0.00657895 0.32894737 0.16447368
0.00657895 0.33552632 0.15789474
0.00657895 0.34210526 0.15131579
0.00657895 0.34868421 0.14473684
0.00657895 0.35526316 0.13815789
0.00657895 0.36184211 0.13157895
0.00657895 0.36842105 0.12500000
0.00657895 0.37500000 0.11842105
0.00657895 0.38157895 0.11184211
0.00657895 0.38815789 0.10526316
0.00657895 0.39473684 0.09868421
0.00657895 0.40131579 0.09210526
0.00657895 0.40789474 0.08552632
0.00657895 0.41447368 0.07894737
0.00657895 0.42105263 0.07236842
0.00657895 0.42763158 0.06578947
0.00657895 0.43421053 0.05921053
0.00657895 0.44078947 0.05263158
0.00657895 0.44736842 0.04605263
0.00657895 0.45394737 0.03947368
0.00657895 0.46052632 0.03289474
0.00657895 0.46710526 0.02631579
0.00657895 0.47368421 0.01973684
0.00657895 0.48026316 0.01315789
0.00657895 0.48684211 0.00657895
0.00657895 0.49342105 0.00000000
0.01315789 0.00000000 0.48684211
0.01315789 0.00657895 0.48026316
0.01315789 0.01315789 0.47368421
0.01315789 0.01973684 0.46710526
0.01315789 0.02631579 0.46052632
0.01315789 0.03289474 0.45394737
0.01315789 0.03947368 0.44736842
0.01315789 0.04605263 0.44078947
0.01315789 0.05263158 0.43421053
0.01315789 0.05921053 0.42763158
0.01315789 0.06578947 0.42105263
0.01315789 0.07236842 0.41447368
0.01315789 0.07894737 0.40789474
0.01315789 0.08552632 0.40131579
0.01315789 0.09210526 0.39473684
0.01315789 0.09868421 0.38815789
0.01315789 0.10526316 0.38157895
0.01315789 0.11184211 0.37500000
0.01315789 0.11842105 0.36842105
0.01315789 0.12500000 0.36184211
0.01315789 0.13157895 0.35526316
0.01315789 0.13815789 0.34868421
0.01315789 0.14473684 0.34210526
0.01315789 0.15131579 0.33552632
0.01315789 0.15789474 0.32894737
0.01315789 0.16447368 0.32236842
0.01315789 0.17105263 0.31578947
0.01315789 0.17763158 0.30921053
0.01315789 0.18421053 0.30263158
0.01315789 0.19078947 0.29605263
0.01315789 0.19736842 0.28947368
0.01315789 0.20394737 0.28289474
0.01315789 0.21052632 0.27631579
0.01315789 0.21710526 0.26973684
0.01315789 0.22368421 0.26315789
0.01315789 0.23026316 0.25657895
0.01315789 0.23684211 0.25000000
0.01315789 0.24342105 0.24342105
0.01315789 0.25000000 0.23684211
0.01315789 0.25657895 0.23026316
0.01315789 0.26315789 0.22368421
0.01315789 0.26973684 0.21710526
0.01315789 0.27631579 0.21052632
0.01315789 0.28289474 0.20394737
0.01315789 0.28947368 0.19736842
0.01315789 0.29605263 0.19078947
0.01315789 0.30263158 0.18421053
0.01315789 0.30921053 0.17763158
0.01315789 0.31578947 0.17105263
0.01315789 0.32236842 0.16447368
0.01315789 0.32894737 0.15789474
0.01315789 0.33552632 0.15131579
0.01315789 0.34210526 0.14473684
0.01315789 0.34868421 0.13815789
0.01315789 0.35526316 0.13157895
0.01315789 0.36184211 0.12500000
0.01315789 0.36842105 0.11842105
0.01315789 0.37500000 0.11184211
0.01315789 0.38157895 0.10526316
0.01315789 0.38815789 0.09868421
0.01315789 0.39473684 0.09210526
0.01315789 0.40131579 0.08552632
0.01315789 0.40789474 0.07894737
0.01315789 0.41447368 0.07236842
0.01315789 0.42105263 0.06578947
0.01315789 0.42763158 0.05921053
0.01315789 0.43421053 0.05263158
0.01315789 0.44078947 0.04605263
0.01315789 0.44736842 0.03947368
0.01315789 0.45394737 0.03289474
0.01315789 0.46052632 0.02631579
0.01315789 0.46710526 0.01973684
0.01315789 0.47368421 0.01315789
0.01315789 0.48026316 0.00657895
0.01315789 0.48684211 0.00000000
0.01973684 0.00000000 0.48026316
0.01973684 0.00657895 0.47368421
0.01973684 0.01315789 0.46710526
0.01973684 0.01973684 0.46052632
0.01973684 0.02631579 0.45394737
0.01973684 0.03289474 0.44736842
0.01973684 0.03947368 0.44078947
0.01973684 0.04605263 0.43421053
0.01973684 0.05263158 0.42763158
0.01973684 0.05921053 0.42105263
0.01973684 0.06578947 0.41447368
0.01973684 0.07236842 0.40789474
0.01973684 0.07894737 0.40131579
0.01973684 0.08552632 0.39473684
0.01973684 0.09210526 0.38815789
0.01973684 0.09868421 0.38157895
0.01973684 0.10526316 0.37500000
0.01973684 0.11184211 0.36842105
0.01973684 0.11842105 0.36184211
0.01973684 0.12500000 0.35526316
0.01973684 0.13157895 0.34868421
0.01973684 0.13815789 0.34210526
0.01973684 0.14473684 0.33552632
0.01973684 0.15131579 0.32894737
0.01973684 0.15789474 0.32236842
0.01973684 0.16447368 0.31578947
0.01973684 0.17105263 0.30921053
0.01973684 0.17763158 0.30263158
0.01973684 0.18421053 0.29605263
0.01973684 0.19078947 0.28947368
0.01973684 0.19736842 0.28289474
0.01973684 0.20394737 0.27631579
0.01973684 0.21052632 0.26973684
0.01973684 0.21710526 0.26315789
0.01973684 0.22368421 0.25657895
0.01973684 0.23026316 0.25000000
0.01973684 0.23684211 0.24342105
0.01973684 0.24342105 0.23684211
0.01973684 0.25000000 0.23026316
0.01973684 0.25657895 0.22368421
0.01973684 0.26315789 0.21710526
0.01973684 0.26973684 0.21052632
0.01973684 0.27631579 0.20394737
0.01973684 0.28289474 0.19736842
0.01973684 0.28947368 0.19078947
0.01973684 0.29605263 0.18421053
0.01973684 0.30263158 0.17763158
0.01973684 0.30921053 0.17105263
0.01973684 0.31578947 0.16447368
0.01973684 0.32236842 0.15789474
0.01973684 0.32894737 0.15131579
0.01973684 0.33552632 0.14473684
0.01973684 0.34210526 0.13815789
0.01973684 0.34868421 0.13157895
0.01973684 0.35526316 0.12500000
0.01973684 0.36184211 0.11842105
0.01973684 0.36842105 0.11184211
0.01973684 0.37500000 0.10526316
0.01973684 0.38157895 0.09868421
0.01973684 0.38815789 0.09210526
0.01973684 0.39473684 0.08552632
0.01973684 0.40131579 0.07894737
0.01973684 0.40789474 0.07236842
0.01973684 0.41447368 0.06578947
0.01973684 0.42105263 0.05921053
0.01973684 0.42763158 0.05263158
0.01973684 0.43421053 0.04605263
0.01973684 0.44078947 0.03947368
0.01973684 0.44736842 0.03289474
0.01973684 0.45394737 0.02631579
0.01973684 0.46052632 0.01973684
0.01973684 0.46710526 0.01315789
0.01973684 0.47368421 0.00657895
0.01973684 0.48026316 0.00000000
0.02631579 0.00000000 0.47368421
0.02631579 0.00657895 0.46710526
0.02631579 0.01315789 0.46052632
0.02631579 0.01973684 0.45394737
0.02631579 0.02631579 0.44736842
0.02631579 0.03289474 0.44078947
0.02631579 0.03947368 0.43421053
0.02631579 0.04605263 0.42763158
0.02631579 0.05263158 0.42105263
0.02631579 0.05921053 0.41447368
0.02631579 0.06578947 0.40789474
0.02631579 0.07236842 0.40131579
0.02631579 0.07894737 0.39473684
0.02631579 0.08552632 0.38815789
0.02631579 0.09210526 0.38157895
0.02631579 0.09868421 0.37500000
0.02631579 0.10526316 0.36842105
0.02631579 0.11184211 0.36184211
0.02631579 0.11842105 0.35526316
0.02631579 0.12500000 0.34868421
0.02631579 0.13157895 0.34210526
0.02631579 0.13815789 0.33552632
0.02631579 0.14473684 0.32894737
0.02631579 0.15131579 0.32236842
0.02631579 0.15789474 0.31578947
0.02631579 0.16447368 0.30921053
0.02631579 0.17105263 0.30263158
0.02631579 0.17763158 0.29605263
0.02631579 0.18421053 0.28947368
0.02631579 0.19078947 0.28289474
0.02631579 0.19736842 0.27631579
0.02631579 0.20394737 0.26973684
0.02631579 0.21052632 0.26315789
0.02631579 0.21710526 0.25657895
0.02631579 0.22368421 0.25000000
0.02631579 0.23026316 0.24342105
0.02631579 0.23684211 0.23684211
0.02631579 0.24342105 0.23026316
0.02631579 0.25000000 0.22368421
0.02631579 0.25657895 0.21710526
0.02631579 0.26315789 0.21052632
0.02631579 0.26973684 0.20394737
0.02631579 0.27631579 0.19736842
0.02631579 0.28289474 0.19078947
0.02631579 0.28947368 0.18421053
0.02631579 0.29605263 0.17763158
0.02631579 0.30263158 0.17105263
0.02631579 0.30921053 0.16447368
0.02631579 0.31578947 0.15789474
0.02631579 0.32236842 0.15131579
0.02631579 0.32894737 0.14473684
0.02631579 0.33552632 0.13815789
0.02631579 0.34210526 0.13157895
0.02631579 0.34868421 0.12500000
0.02631579 0.35526316 0.11842105
0.02631579 0.36184211 0.11184211
0.02631579 0.36842105 0.10526316
0.02631579 0.37500000 0.09868421
0.02631579 0.38157895 0.09210526
0.02631579 0.38815789 0.08552632
0.02631579 0.39473684 0.07894737
0.02631579 0.40131579 0.07236842
0.02631579 0.40789474 0.06578947
0.02631579 0.41447368 0.05921053
0.02631579 0.42105263 0.05263158
0.02631579 0.42763158 0.04605263
0.02631579 0.43421053 0.03947368
0.02631579 0.44078947 0.03289474
0.02631579 0.44736842 0.02631579
0.02631579 0.45394737 0.01973684
0.02631579 0.46052632 0.01315789
0.02631579 0.46710526 0.00657895
0.02631579 0.47368421 0.00000000
0.03289474 0.00000000 0.46710526
0.03289474 0.00657895 0.46052632
0.03289474 0.01315789 0.45394737
0.03289474 0.01973684 0.44736842
0.03289474 0.02631579 0.44078947
0.03289474 0.03289474 0.43421053
0.03289474 0.03947368 0.42763158
0.03289474 0.04605263 0.42105263
0.03289474 0.05263158 0.41447368
0.03289474 0.05921053 0.40789474
0.03289474 0.06578947 0.40131579
0.03289474 0.07236842 0.39473684
0.03289474 0.07894737 0.38815789
0.03289474 0.08552632 0.38157895
0.03289474 0.09210526 0.37500000
0.03289474 0.09868421 0.36842105
0.03289474 0.10526316 0.36184211
0.03289474 0.11184211 0.35526316
0.03289474 0.11842105 0.34868421
0.03289474 0.12500000 0.34210526
0.03289474 0.13157895 0.33552632
0.03289474 0.13815789 0.32894737
0.03289474 0.14473684 0.32236842
0.03289474 0.15131579 0.31578947
0.03289474 0.15789474 0.30921053
0.03289474 0.16447368 0.30263158
0.03289474 0.17105263 0.29605263
0.03289474 0.17763158 0.28947368
0.03289474 0.18421053 0.28289474
0.03289474 0.19078947 0.27631579
0.03289474 0.19736842 0.26973684
0.03289474 0.20394737 0.26315789
0.03289474 0.21052632 0.25657895
0.03289474 0.21710526 0.25000000
0.03289474 0.22368421 0.24342105
0.03289474 0.23026316 0.23684211
0.03289474 0.23684211 0.23026316
0.03289474 0.24342105 0.22368421
0.03289474 0.25000000 0.21710526
0.03289474 0.25657895 0.21052632
0.03289474 0.26315789 0.20394737
0.03289474 0.26973684 0.19736842
0.03289474 0.27631579 0.19078947
0.03289474 0.28289474 0.18421053
0.03289474 0.28947368 0.17763158
0.03289474 0.29605263 0.17105263
0.03289474 0.30263158 0.16447368
0.03289474 0.30921053 0.15789474
0.03289474 0.31578947 0.15131579
0.03289474 0.32236842 0.14473684
0.03289474 0.32894737 0.13815789
0.03289474 0.33552632 0.13157895
0.03289474 0.34210526 0.12500000
0.03289474 0.34868421 0.11842105
0.03289474 0.35526316 0.11184211
0.03289474 0.36184211 0.10526316
0.03289474 0.36842105 0.09868421
0.03289474 0.37500000 0.09210526
0.03289474 0.38157895 0.08552632
0.03289474 0.38815789 0.07894737
0.03289474 0.39473684 0.07236842
0.03289474 0.40131579 0.06578947
0.03289474 0.40789474 0.05921053
0.03289474 0.41447368 0.05263158
0.03289474 0.42105263 0.04605263
0.03289474 0.42763158 0.03947368
0.03289474 0.43421053 0.03289474
0.03289474 0.44078947 0.02631579
0.03289474 0.44736842 0.01973684
0.03289474 0.45394737 0.01315789
0.03289474 0.46052632 0.00657895
0.03289474 0.46710526 0.00000000
0.03947368 0.00000000 0.46052632
0.03947368 0.00657895 0.45394737
0.03947368 0.01315789 0.44736842
0.03947368 0.01973684 0.44078947
0.03947368 0.02631579 0.43421053
0.03947368 0.03289474 0.42763158
0.03947368 0.03947368 0.42105263
0.03947368 0.04605263 0.41447368
0.03947368 0.05263158 0.40789474
0.03947368 0.05921053 0.40131579
0.03947368 0.06578947 0.39473684
0.03947368 0.07236842 0.38815789
0.03947368 0.07894737 0.38157895
0.03947368 0.08552632 0.37500000
0.03947368 0.09210526 0.36842105
0.03947368 0.09868421 0.36184211
0.03947368 0.10526316 0.35526316
0.03947368 0.11184211 0.34868421
0.03947368 0.11842105 0.34210526
0.03947368 0.12500000 0.33552632
0.03947368 0.13157895 0.32894737
0.03947368 0.13815789 0.32236842
0.03947368 0.14473684 0.31578947
0.03947368 0.15131579 0.30921053
0.03947368 0.15789474 0.30263158
0.03947368 0.16447368 0.29605263
0.03947368 0.17105263 0.28947368
0.03947368 0.17763158 0.28289474
0.03947368 0.18421053 0.27631579
0.03947368 0.19078947 0.26973684
0.03947368 0.19736842 0.26315789
0.03947368 0.20394737 0.25657895
0.03947368 0.21052632 0.25000000
0.03947368 0.21710526 0.24342105
0.03947368 0.22368421 0.23684211
0.03947368 0.23026316 0.23026316
0.03947368 0.23684211 0.22368421
0.03947368 0.24342105 0.21710526
0.03947368 0.25000000 0.21052632
0.03947368 0.25657895 0.20394737
0.03947368 0.26315789 0.19736842
0.03947368 0.26973684 0.19078947
0.03947368 0.27631579 0.18421053
0.03947368 0.28289474 0.17763158
0.03947368 0.28947368 0.17105263
0.03947368 0.29605263 0.16447368
0.03947368 0.30263158 0.15789474
0.03947368 0.30921053 0.15131579
0.03947368 0.31578947 0.14473684
0.03947368 0.32236842 0.13815789
0.03947368 0.32894737 0.13157895
0.03947368 0.33552632 0.12500000
0.03947368 0.34210526 0.11842105
0.03947368 0.34868421 0.11184211
0.03947368 0.35526316 0.10526316
0.03947368 0.36184211 0.09868421
0.03947368 0.36842105 0.09210526
0.03947368 0.37500000 0.08552632
0.03947368 0.38157895 0.07894737
0.03947368 0.38815789 0.07236842
0.03947368 0.39473684 0.06578947
0.03947368 0.40131579 0.05921053
0.03947368 0.40789474 0.05263158
0.03947368 0.41447368 0.04605263
0.03947368 0.42105263 0.03947368
0.03947368 0.42763158 0.03289474
0.03947368 0.43421053 0.02631579
0.03947368 0.44078947 0.01973684
0.03947368 0.44736842 0.01315789
0.03947368 0.45394737 0.00657895
0.03947368 0.46052632 0.00000000
0.04605263 0.00000000 0.45394737
0.04605263 0.00657895 0.44736842
0.04605263 0.01315789 0.44078947
0.04605263 0.01973684 0.43421053
0.04605263 0.02631579 0.42763158
0.04605263 0.03289474 0.42105263
0.04605263 0.03947368 0.41447368
0.04605263 0.04605263 0.40789474
0.04605263 0.05263158 0.40131579
0.04605263 0.05921053 0.39473684
0.04605263 0.06578947 0.38815789
0.04605263 0.07236842 0.38157895
0.04605263 0.07894737 0.37500000
0.04605263 0.08552632 0.36842105
0.04605263 0.09210526 0.36184211
0.04605263 0.09868421 0.35526316
0.04605263 0.10526316 0.34868421
0.04605263 0.11184211 0.34210526
0.04605263 0.11842105 0.33552632
0.04605263 0.12500000 0.32894737
0.04605263 0.13157895 0.32236842
0.04605263 0.13815789 0.31578947
0.04605263 0.14473684 0.30921053
0.04605263 0.15131579 0.30263158
0.04605263 0.15789474 0.29605263
0.04605263 0.16447368 0.28947368
0.04605263 0.17105263 0.28289474
0.04605263 0.17763158 0.27631579
0.04605263 0.18421053 0.26973684
0.04605263 0.19078947 0.26315789
0.04605263 0.19736842 0.25657895
0.04605263 0.20394737 0.25000000
0.04605263 0.21052632 0.24342105
0.04605263 0.21710526 0.23684211
0.04605263 0.22368421 0.23026316
0.04605263 0.23026316 0.22368421
0.04605263 0.23684211 0.21710526
0.04605263 0.24342105 0.21052632
0.04605263 0.25000000 0.20394737
0.04605263 0.25657895 0.19736842
0.04605263 0.26315789 0.19078947
0.04605263 0.26973684 0.18421053
0.04605263 0.27631579 0.17763158
0.04605263 0.28289474 0.17105263
0.04605263 0.28947368 0.16447368
0.04605263 0.29605263 0.15789474
0.04605263 0.30263158 0.15131579
0.04605263 0.30921053 0.14473684
0.04605263 0.31578947 0.13815789
0.04605263 0.32236842 0.13157895
0.04605263 0.32894737 0.12500000
0.04605263 0.33552632 0.11842105
0.04605263 0.34210526 0.11184211
0.04605263 0.34868421 0.10526316
0.04605263 0.35526316 0.09868421
0.04605263 0.36184211 0.09210526
0.04605263 0.36842105 0.08552632
0.04605263 0.37500000 0.07894737
0.04605263 0.38157895 0.07236842
0.04605263 0.38815789 0.06578947
0.04605263 0.39473684 0.05921053
0.04605263 0.40131579 0.05263158
0.04605263 0.40789474 0.04605263
0.04605263 0.41447368 0.03947368
0.04605263 0.42105263 0.03289474
0.04605263 0.42763158 0.02631579
0.04605263 0.43421053 0.01973684
0.04605263 0.44078947 0.01315789
0.04605263 0.44736842 0.00657895
0.04605263 0.45394737 0.00000000
0.05263158 0.00000000 0.44736842
0.05263158 0.00657895 0.44078947
0.05263158 0.01315789 0.43421053
0.05263158 0.01973684 0.42763158
0.05263158 0.02631579 0.42105263
0.05263158 0.03289474 0.41447368
0.05263158 0.03947368 0.40789474
0.05263158 0.04605263 0.40131579
0.05263158 0.05263158 0.39473684
0.05263158 0.05921053 0.38815789
0.05263158 0.06578947 0.38157895
0.05263158 0.07236842 0.37500000
0.05263158 0.07894737 0.36842105
0.05263158 0.08552632 0.36184211
0.05263158 0.09210526 0.35526316
0.05263158 0.09868421 0.34868421
0.05263158 0.10526316 0.34210526
0.05263158 0.11184211 0.33552632
0.05263158 0.11842105 0.32894737
0.05263158 0.12500000 0.32236842
0.05263158 0.13157895 0.31578947
0.05263158 0.13815789 0.30921053
0.05263158 0.14473684 0.30263158
0.05263158 0.15131579 0.29605263
0.05263158 0.15789474 0.28947368
0.05263158 0.16447368 0.28289474
0.05263158 0.17105263 0.27631579
0.05263158 0.17763158 0.26973684
0.05263158 0.18421053 0.26315789
0.05263158 0.19078947 0.25657895
0.05263158 0.19736842 0.25000000
0.05263158 0.20394737 0.24342105
0.05263158 0.21052632 0.23684211
0.05263158 0.21710526 0.23026316
0.05263158 0.22368421 0.22368421
0.05263158 0.23026316 0.21710526
0.05263158 0.23684211 0.21052632
0.05263158 0.24342105 0.20394737
0.05263158 0.25000000 0.19736842
0.05263158 0.25657895 0.19078947
0.05263158 0.26315789 0.18421053
0.05263158 0.26973684 0.17763158
0.05263158 0.27631579 0.17105263
0.05263158 0.28289474 0.16447368
0.05263158 0.28947368 0.15789474
0.05263158 0.29605263 0.15131579
0.05263158 0.30263158 0.14473684
0.05263158 0.30921053 0.13815789
0.05263158 0.31578947 0.13157895
0.05263158 0.32236842 0.12500000
0.05263158 0.32894737 0.11842105
0.05263158 0.33552632 0.11184211
0.05263158 0.34210526 0.10526316
0.05263158 0.34868421 0.09868421
0.05263158 0.35526316 0.09210526
0.05263158 0.36184211 0.08552632
0.05263158 0.36842105 0.07894737
0.05263158 0.37500000 0.07236842
0.05263158 0.38157895 0.06578947
0.05263158 0.38815789 0.05921053
0.05263158 0.39473684 0.05263158
0.05263158 0.40131579 0.04605263
0.05263158 0.40789474 0.03947368
0.05263158 0.41447368 0.03289474
0.05263158 0.42105263 0.02631579
0.05263158 0.42763158 0.01973684
0.05263158 0.43421053 0.01315789
0.05263158 0.44078947 0.00657895
0.05263158 0.44736842 0.00000000
0.05921053 0.00000000 0.44078947
0.05921053 0.00657895 0.43421053
0.05921053 0.01315789 0.42763158
0.05921053 0.01973684 0.42105263
0.05921053 0.02631579 0.41447368
0.05921053 0.03289474 0.40789474
0.05921053 0.03947368 0.40131579
0.05921053 0.04605263 0.39473684
0.05921053 0.05263158 0.38815789
0.05921053 0.05921053 0.38157895
0.05921053 0.06578947 0.37500000
0.05921053 0.07236842 0.36842105
0.05921053 0.07894737 0.36184211
0.05921053 0.08552632 0.35526316
0.05921053 0.09210526 0.34868421
0.05921053 0.09868421 0.34210526
0.05921053 0.10526316 0.33552632
0.05921053 0.11184211 0.32894737
0.05921053 0.11842105 0.32236842
0.05921053 0.12500000 0.31578947
0.05921053 0.13157895 0.30921053
0.05921053 0.13815789 0.30263158
0.05921053 0.14473684 0.29605263
0.05921053 0.15131579 0.28947368
0.05921053 0.15789474 0.28289474
0.05921053 0.16447368 0.27631579
0.05921053 0.17105263 0.26973684
0.05921053 0.17763158 0.26315789
0.05921053 0.18421053 0.25657895
0.05921053 0.19078947 0.25000000
0.05921053 0.19736842 0.24342105
0.05921053 0.20394737 0.23684211
0.05921053 0.21052632 0.23026316
0.05921053 0.21710526 0.22368421
0.05921053 0.22368421 0.21710526
0.05921053 0.23026316 0.21052632
0.05921053 0.23684211 0.20394737
0.05921053 0.24342105 0.19736842
0.05921053 0.25000000 0.19078947
0.05921053 0.25657895 0.18421053
0.05921053 0.26315789 0.17763158
0.05921053 0.26973684 0.17105263
0.05921053 0.27631579 0.16447368
0.05921053 0.28289474 0.15789474
0.05921053 0.28947368 0.15131579
0.05921053 0.29605263 0.14473684
0.05921053 0.30263158 0.13815789
0.05921053 0.30921053 0.13157895
0.05921053 0.31578947 0.12500000
0.05921053 0.32236842 0.11842105
0.05921053 0.32894737 0.11184211
0.05921053 0.33552632 0.10526316
0.05921053 0.34210526 0.09868421
0.05921053 0.34868421 0.09210526
0.05921053 0.35526316 0.08552632
0.05921053 0.36184211 0.07894737
0.05921053 0.36842105 0.07236842
0.05921053 0.37500000 0.06578947
0.05921053 0.38157895 0.05921053
0.05921053 0.38815789 0.05263158
0.05921053 0.39473684 0.04605263
0.05921053 0.40131579 0.03947368
0.05921053 0.40789474 0.03289474
0.05921053 0.41447368 0.02631579
0.05921053 0.42105263 0.01973684
0.05921053 0.42763158 0.01315789
0.05921053 0.43421053 0.00657895
0.05921053 0.44078947 0.00000000
0.06578947 0.00000000 0.43421053
0.06578947 0.00657895 0.42763158
0.06578947 0.01315789 0.42105263
0.06578947 0.01973684 0.41447368
0.06578947 0.02631579 0.40789474
0.06578947 0.03289474 0.40131579
0.06578947 0.03947368 0.39473684
0.06578947 0.04605263 0.38815789
0.06578947 0.05263158 0.38157895
0.06578947 0.05921053 0.37500000
0.06578947 0.06578947 0.36842105
0.06578947 0.07236842 0.36184211
0.06578947 0.07894737 0.35526316
0.06578947 0.08552632 0.34868421
0.06578947 0.09210526 0.34210526
0.06578947 0.09868421 0.33552632
0.06578947 0.10526316 0.32894737
0.06578947 0.11184211 0.32236842
0.06578947 0.11842105 0.31578947
0.06578947 0.12500000 0.30921053
0.06578947 0.13157895 0.30263158
0.06578947 0.13815789 0.29605263
0.06578947 0.14473684 0.28947368
0.06578947 0.15131579 0.28289474
0.06578947 0.15789474 0.27631579
0.06578947 0.16447368 0.26973684
0.06578947 0.17105263 0.26315789
0.06578947 0.17763158 0.25657895
0.06578947 0.18421053 0.25000000
0.06578947 0.19078947 0.24342105
0.06578947 0.19736842 0.23684211
0.06578947 0.20394737 0.23026316
0.06578947 0.21052632 0.22368421
0.06578947 0.21710526 0.21710526
0.06578947 0.22368421 0.21052632
0.06578947 0.23026316 0.20394737
0.06578947 0.23684211 0.19736842
0.06578947 0.24342105 0.19078947
0.06578947 0.25000000 0.18421053
0.06578947 0.25657895 0.17763158
0.06578947 0.26315789 0.17105263
0.06578947 0.26973684 0.16447368
0.06578947 0.27631579 0.15789474
0.06578947 0.28289474 0.15131579
0.06578947 0.28947368 0.14473684
0.06578947 0.29605263 0.13815789
0.06578947 0.30263158 0.13157895
0.06578947 0.30921053 0.12500000
0.06578947 0.31578947 0.11842105
0.06578947 0.32236842 0.11184211
0.06578947 0.32894737 0.10526316
0.06578947 0.33552632 0.09868421
0.06578947 0.34210526 0.09210526
0.06578947 0.34868421 0.08552632
0.06578947 0.35526316 0.07894737
0.06578947 0.36184211 0.07236842
0.06578947 0.36842105 0.06578947
0.06578947 0.37500000 0.05921053
0.06578947 0.38157895 0.05263158
0.06578947 0.38815789 0.04605263
0.06578947 0.39473684 0.03947368
0.06578947 0.40131579 0.03289474
0.06578947 0.40789474 0.02631579
0.06578947 0.41447368 0.01973684
0.06578947 0.42105263 0.01315789
0.06578947 0.42763158 0.00657895
0.06578947 0.43421053 0.00000000
0.07236842 0.00000000 0.42763158
0.07236842 0.00657895 0.42105263
0.07236842 0.01315789 0.41447368
0.07236842 0.01973684 0.40789474
0.07236842 0.02631579 0.40131579
0.07236842 0.03289474 0.39473684
0.07236842 0.03947368 0.38815789
0.07236842 0.04605263 0.38157895
0.07236842 0.05263158 0.37500000
0.07236842 0.05921053 0.36842105
0.07236842 0.06578947 0.36184211
0.07236842 0.07236842 0.35526316
0.07236842 0.07894737 0.34868421
0.07236842 0.08552632 0.34210526
0.07236842 0.09210526 0.33552632
0.07236842 0.09868421 0.32894737
0.07236842 0.10526316 0.32236842
0.07236842 0.11184211 0.31578947
0.07236842 0.11842105 0.30921053
0.07236842 0.12500000 0.30263158
0.07236842 0.13157895 0.29605263
0.07236842 0.13815789 0.28947368
0.07236842 0.14473684 0.28289474
0.07236842 0.15131579 0.27631579
0.07236842 0.15789474 0.26973684
0.07236842 0.16447368 0.26315789
0.07236842 0.17105263 0.25657895
0.07236842 0.17763158 0.25000000
0.07236842 0.18421053 0.24342105
0.07236842 0.19078947 0.23684211
0.07236842 0.19736842 0.23026316
0.07236842 0.20394737 0.22368421
0.07236842 0.21052632 0.21710526
0.07236842 0.21710526 0.21052632
0.07236842 0.22368421 0.20394737
0.07236842 0.23026316 0.19736842
0.07236842 0.23684211 0.19078947
0.07236842 0.24342105 0.18421053
0.07236842 0.25000000 0.17763158
0.07236842 0.25657895 0.17105263
0.07236842 0.26315789 0.16447368
0.07236842 0.26973684 0.15789474
0.07236842 0.27631579 0.15131579
0.07236842 0.28289474 0.14473684
0.07236842 0.28947368 0.13815789
0.07236842 0.29605263 0.13157895
0.07236842 0.30263158 0.12500000
0.07236842 0.30921053 0.11842105
0.07236842 0.31578947 0.11184211
0.07236842 0.32236842 0.10526316
0.07236842 0.32894737 0.09868421
0.07236842 0.33552632 0.09210526
0.07236842 0.34210526 0.08552632
0.07236842 0.34868421 0.07894737
0.07236842 0.35526316 0.07236842
0.07236842 0.36184211 0.06578947
0.07236842 0.36842105 0.05921053
0.07236842 0.37500000 0.05263158
0.07236842 0.38157895 0.04605263
0.07236842 0.38815789 0.03947368
0.07236842 0.39473684 0.03289474
0.07236842 0.40131579 0.02631579
0.07236842 0.40789474 0.01973684
0.07236842 0.41447368 0.01315789
0.07236842 0.42105263 0.00657895
0.07236842 0.42763158 0.00000000
0.07894737 0.00000000 0.42105263
0.07894737 0.00657895 0.41447368
0.07894737 0.01315789 0.40789474
0.07894737 0.01973684 0.40131579
0.07894737 0.02631579 0.39473684
0.07894737 0.03289474 0.38815789
0.07894737 0.03947368 0.38157895
0.07894737 0.04605263 0.37500000
0.07894737 0.05263158 0.36842105
0.07894737 0.05921053 0.36184211
0.07894737 0.06578947 0.35526316
0.07894737 0.07236842 0.34868421
0.07894737 0.07894737 0.34210526
0.07894737 0.08552632 0.33552632
0.07894737 0.09210526 0.32894737
0.07894737 0.09868421 0.32236842
0.07894737 0.10526316 0.31578947
0.07894737 0.11184211 0.30921053
0.07894737 0.11842105 0.30263158
0.07894737 0.12500000 0.29605263
0.07894737 0.13157895 0.28947368
0.07894737 0.13815789 0.28289474
0.07894737 0.14473684 0.27631579
0.07894737 0.15131579 0.26973684
0.07894737 0.15789474 0.26315789
0.07894737 0.16447368 0.25657895
0.07894737 0.17105263 0.25000000
0.07894737 0.17763158 0.24342105
0.07894737 0.18421053 0.23684211
0.07894737 0.19078947 0.23026316
0.07894737 0.19736842 0.22368421
0.07894737 0.20394737 0.21710526
0.07894737 0.21052632 0.21052632
0.07894737 0.21710526 0.20394737
0.07894737 0.22368421 0.19736842
0.07894737 0.23026316 0.19078947
0.07894737 0.23684211 0.18421053
0.07894737 0.24342105 0.17763158
0.07894737 0.25000000 0.17105263
0.07894737 0.25657895 0.16447368
0.07894737 0.26315789 0.15789474
0.07894737 0.26973684 0.15131579
0.07894737 0.27631579 0.14473684
0.07894737 0.28289474 0.13815789
0.07894737 0.28947368 0.13157895
0.07894737 0.29605263 0.12500000
0.07894737 0.30263158 0.11842105
0.07894737 0.30921053 0.11184211
0.07894737 0.31578947 0.10526316
0.07894737 0.32236842 0.09868421
0.07894737 0.32894737 0.09210526
0.07894737 0.33552632 0.08552632
0.07894737 0.34210526 0.07894737
0.07894737 0.34868421 0.07236842
0.07894737 0.35526316 0.06578947
0.07894737 0.36184211 0.05921053
0.07894737 0.36842105 0.05263158
0.07894737 0.37500000 0.04605263
0.07894737 0.38157895 0.03947368
0.07894737 0.38815789 0.03289474
0.07894737 0.39473684 0.02631579
0.07894737 0.40131579 0.01973684
0.07894737 0.40789474 0.01315789
0.07894737 0.41447368 0.00657895
0.07894737 0.42105263 0.00000000
0.08552632 0.00000000 0.41447368
0.08552632 0.00657895 0.40789474
0.08552632 0.01315789 0.40131579
0.08552632 0.01973684 0.39473684
0.08552632 0.02631579 0.38815789
0.08552632 0.03289474 0.38157895
0.08552632 0.03947368 0.37500000
0.08552632 0.04605263 0.36842105
0.08552632 0.05263158 0.36184211
0.08552632 0.05921053 0.35526316
0.08552632 0.06578947 0.34868421
0.08552632 0.07236842 0.34210526
0.08552632 0.07894737 0.33552632
0.08552632 0.08552632 0.32894737
0.08552632 0.09210526 0.32236842
0.08552632 0.09868421 0.31578947
0.08552632 0.10526316 0.30921053
0.08552632 0.11184211 0.30263158
0.08552632 0.11842105 0.29605263
0.08552632 0.12500000 0.28947368
0.08552632 0.13157895 0.28289474
0.08552632 0.13815789 0.27631579
0.08552632 0.14473684 0.26973684
0.08552632 0.15131579 0.26315789
0.08552632 0.15789474 0.25657895
0.08552632 0.16447368 0.25000000
0.08552632 0.17105263 0.24342105
0.08552632 0.17763158 0.23684211
0.08552632 0.18421053 0.23026316
0.08552632 0.19078947 0.22368421
0.08552632 0.19736842 0.21710526
0.08552632 0.20394737 0.21052632
0.08552632 0.21052632 0.20394737
0.08552632 0.21710526 0.19736842
0.08552632 0.22368421 0.19078947
0.08552632 0.23026316 0.18421053
0.08552632 0.23684211 0.17763158
0.08552632 0.24342105 0.17105263
0.08552632 0.25000000 0.16447368
0.08552632 0.25657895 0.15789474
0.08552632 0.26315789 0.15131579
0.08552632 0.26973684 0.14473684
0.08552632 0.27631579 0.13815789
0.08552632 0.28289474 0.13157895
0.08552632 0.28947368 0.12500000
0.08552632 0.29605263 0.11842105
0.08552632 0.30263158 0.11184211
0.08552632 0.30921053 0.10526316
0.08552632 0.31578947 0.09868421
0.08552632 0.32236842 0.09210526
0.08552632 0.32894737 0.08552632
0.08552632 0.33552632 0.07894737
0.08552632 0.34210526 0.07236842
0.08552632 0.34868421 0.06578947
0.08552632 0.35526316 0.05921053
0.08552632 0.36184211 0.05263158
0.08552632 0.36842105 0.04605263
0.08552632 0.37500000 0.03947368
0.08552632 0.38157895 0.03289474
0.08552632 0.38815789 0.02631579
0.08552632 0.39473684 0.01973684
0.08552632 0.40131579 0.01315789
0.08552632 0.40789474 0.00657895
0.08552632 0.41447368 0.00000000
0.09210526 0.00000000 0.40789474
0.09210526 0.00657895 0.40131579
0.09210526 0.01315789 0.39473684
0.09210526 0.01973684 0.38815789
0.09210526 0.02631579 0.38157895
0.09210526 0.03289474 0.37500000
0.09210526 0.03947368 0.36842105
0.09210526 0.04605263 0.36184211
0.09210526 0.05263158 0.35526316
0.09210526 0.05921053 0.34868421
0.09210526 0.06578947 0.34210526
0.09210526 0.07236842 0.33552632
0.09210526 0.07894737 0.32894737
0.09210526 0.08552632 0.32236842
0.09210526 0.09210526 0.31578947
0.09210526 0.09868421 0.30921053
0.09210526 0.10526316 0.30263158
0.09210526 0.11184211 0.29605263
0.09210526 0.11842105 0.28947368
0.09210526 0.12500000 0.28289474
0.09210526 0.13157895 0.27631579
0.09210526 0.13815789 0.26973684
0.09210526 0.14473684 0.26315789
0.09210526 0.15131579 0.25657895
0.09210526 0.15789474 0.25000000
0.09210526 0.16447368 0.24342105
0.09210526 0.17105263 0.23684211
0.09210526 0.17763158 0.23026316
0.09210526 0.18421053 0.22368421
0.09210526 0.19078947 0.21710526
0.09210526 0.19736842 0.21052632
0.09210526 0.20394737 0.20394737
0.09210526 0.21052632 0.19736842
0.09210526 0.21710526 0.19078947
0.09210526 0.22368421 0.18421053
0.09210526 0.23026316 0.17763158
0.09210526 0.23684211 0.17105263
0.09210526 0.24342105 0.16447368
0.09210526 0.25000000 0.15789474
0.09210526 0.25657895 0.15131579
0.09210526 0.26315789 0.14473684
0.09210526 0.26973684 0.13815789
0.09210526 0.27631579 0.13157895
0.09210526 0.28289474 0.12500000
0.09210526 0.28947368 0.11842105
0.09210526 0.29605263 0.11184211
0.09210526 0.30263158 0.10526316
0.09210526 0.30921053 0.09868421
0.09210526 0.31578947 0.09210526
0.09210526 0.32236842 0.08552632
0.09210526 0.32894737 0.07894737
0.09210526 0.33552632 0.07236842
0.09210526 0.34210526 0.06578947
0.09210526 0.34868421 0.05921053
0.09210526 0.35526316 0.05263158
0.09210526 0.36184211 0.04605263
0.09210526 0.36842105 0.03947368
0.09210526 0.37500000 0.03289474
0.09210526 0.38157895 0.02631579
0.09210526 0.38815789 0.01973684
0.09210526 0.39473684 0.01315789
0.09210526 0.40131579 0.00657895
0.09210526 0.40789474 0.00000000
0.09868421 0.00000000 0.40131579
0.09868421 0.00657895 0.39473684
0.09868421 0.01315789 0.38815789
0.09868421 0.01973684 0.38157895
0.09868421 0.02631579 0.37500000
0.09868421 0.03289474 0.36842105
0.09868421 0.03947368 0.36184211
0.09868421 0.04605263 0.35526316
0.09868421 0.05263158 0.34868421
0.09868421 0.05921053 0.34210526
0.09868421 0.06578947 0.33552632
0.09868421 0.07236842 0.32894737
0.09868421 0.07894737 0.32236842
0.09868421 0.08552632 0.31578947
0.09868421 0.09210526 0.30921053
0.09868421 0.09868421 0.30263158
0.09868421 0.10526316 0.29605263
0.09868421 0.11184211 0.28947368
0.09868421 0.11842105 0.28289474
0.09868421 0.12500000 0.27631579
0.09868421 0.13157895 0.26973684
0.09868421 0.13815789 0.26315789
0.09868421 0.14473684 0.25657895
0.09868421 0.15131579 0.25000000
0.09868421 0.15789474 0.24342105
0.09868421 0.16447368 0.23684211
0.09868421 0.17105263 0.23026316
0.09868421 0.17763158 0.22368421
0.09868421 0.18421053 0.21710526
0.09868421 0.19078947 0.21052632
0.09868421 0.19736842 0.20394737
0.09868421 0.20394737 0.19736842
0.09868421 0.21052632 0.19078947
0.09868421 0.21710526 0.18421053
0.09868421 0.22368421 0.17763158
0.09868421 0.23026316 0.17105263
0.09868421 0.23684211 0.16447368
0.09868421 0.24342105 0.15789474
0.09868421 0.25000000 0.15131579
0.09868421 0.25657895 0.14473684
0.09868421 0.26315789 0.13815789
0.09868421 0.26973684 0.13157895
0.09868421 0.27631579 0.12500000
0.09868421 0.28289474 0.11842105
0.09868421 0.28947368 0.11184211
0.09868421 0.29605263 0.10526316
0.09868421 0.30263158 0.09868421
0.09868421 0.30921053 0.09210526
0.09868421 0.31578947 0.08552632
0.09868421 0.32236842 0.07894737
0.09868421 0.32894737 0.07236842
0.09868421 0.33552632 0.06578947
0.09868421 0.34210526 0.05921053
0.09868421 0.34868421 0.05263158
0.09868421 0.35526316 0.04605263
0.09868421 0.36184211 0.03947368
0.09868421 0.36842105 0.03289474
0.09868421 0.37500000 0.02631579
0.09868421 0.38157895 0.01973684
0.09868421 0.38815789 0.01315789
0.09868421 0.39473684 0.00657895
0.09868421 0.40131579 0.00000000
0.10526316 0.00000000 0.39473684
0.10526316 0.00657895 0.38815789
0.10526316 0.01315789 0.38157895
0.10526316 0.01973684 0.37500000
0.10526316 0.02631579 0.36842105
0.10526316 0.03289474 0.36184211
0.10526316 0.03947368 0.35526316
0.10526316 0.04605263 0.34868421
0.10526316 0.05263158 0.34210526
0.10526316 0.05921053 0.33552632
0.10526316 0.06578947 0.32894737
0.10526316 0.07236842 0.32236842
0.10526316 0.07894737 0.31578947
0.10526316 0.08552632 0.30921053
0.10526316 0.09210526 0.30263158
0.10526316 0.09868421 0.29605263
0.10526316 0.10526316 0.28947368
0.10526316 0.11184211 0.28289474
0.10526316 0.11842105 0.27631579
0.10526316 0.12500000 0.26973684
0.10526316 0.13157895 0.26315789
0.10526316 0.13815789 0.25657895
0.10526316 0.14473684 0.25000000
0.10526316 0.15131579 0.24342105
0.10526316 0.15789474 0.23684211
0.10526316 0.16447368 0.23026316
0.10526316 0.17105263 0.22368421
0.10526316 0.17763158 0.21710526
0.10526316 0.18421053 0.21052632
0.10526316 0.19078947 0.20394737
0.10526316 0.19736842 0.19736842
0.10526316 0.20394737 0.19078947
0.10526316 0.21052632 0.18421053
0.10526316 0.21710526 0.17763158
0.10526316 0.22368421 0.17105263
0.10526316 0.23026316 0.16447368
0.10526316 0.23684211 0.15789474
0.10526316 0.24342105 0.15131579
0.10526316 0.25000000 0.14473684
0.10526316 0.25657895 0.13815789
0.10526316 0.26315789 0.13157895
0.10526316 0.26973684 0.12500000
0.10526316 0.27631579 0.11842105
0.10526316 0.28289474 0.11184211
0.10526316 0.28947368 0.10526316
0.10526316 0.29605263 0.09868421
0.10526316 0.30263158 0.09210526
0.10526316 0.30921053 0.08552632
0.10526316 0.31578947 0.07894737
0.10526316 0.32236842 0.07236842
0.10526316 0.32894737 0.06578947
0.10526316 0.33552632 0.05921053
0.10526316 0.34210526 0.05263158
0.10526316 0.34868421 0.04605263
0.10526316 0.35526316 0.03947368
0.10526316 0.36184211 0.03289474
0.10526316 0.36842105 0.02631579
0.10526316 0.37500000 0.01973684
0.10526316 0.38157895 0.01315789
0.10526316 0.38815789 0.00657895
0.10526316 0.39473684 0.00000000
0.11184211 0.00000000 0.38815789
0.11184211 0.00657895 0.38157895
0.11184211 0.01315789 0.37500000
0.11184211 0.01973684 0.36842105
0.11184211 0.02631579 0.36184211
0.11184211 0.03289474 0.35526316
0.11184211 0.03947368 0.34868421
0.11184211 0.04605263 0.34210526
0.11184211 0.05263158 0.33552632
0.11184211 0.05921053 0.32894737
0.11184211 0.06578947 0.32236842
0.11184211 0.07236842 0.31578947
0.11184211 0.07894737 0.30921053
0.11184211 0.08552632 0.30263158
0.11184211 0.09210526 0.29605263
0.11184211 0.09868421 0.28947368
0.11184211 0.10526316 0.28289474
0.11184211 0.11184211 0.27631579
0.11184211 0.11842105 0.26973684
0.11184211 0.12500000 0.26315789
0.11184211 0.13157895 0.25657895
0.11184211 0.13815789 0.25000000
0.11184211 0.14473684 0.24342105
0.11184211 0.15131579 0.23684211
0.11184211 0.15789474 0.23026316
0.11184211 0.16447368 0.22368421
0.11184211 0.17105263 0.21710526
0.11184211 0.17763158 0.21052632
0.11184211 0.18421053 0.20394737
0.11184211 0.19078947 0.19736842
0.11184211 0.19736842 0.19078947
0.11184211 0.20394737 0.18421053
0.11184211 0.21052632 0.17763158
0.11184211 0.21710526 0.17105263
0.11184211 0.22368421 0.16447368
0.11184211 0.23026316 0.15789474
0.11184211 0.23684211 0.15131579
0.11184211 0.24342105 0.14473684
0.11184211 0.25000000 0.13815789
0.11184211 0.25657895 0.13157895
0.11184211 0.26315789 0.12500000
0.11184211 0.26973684 0.11842105
0.11184211 0.27631579 0.11184211
0.11184211 0.28289474 0.10526316
0.11184211 0.28947368 0.09868421
0.11184211 0.29605263 0.09210526
0.11184211 0.30263158 0.08552632
0.11184211 0.30921053 0.07894737
0.11184211 0.31578947 0.07236842
0.11184211 0.32236842 0.06578947
0.11184211 0.32894737 0.05921053
0.11184211 0.33552632 0.05263158
0.11184211 0.34210526 0.04605263
0.11184211 0.34868421 0.03947368
0.11184211 0.35526316 0.03289474
0.11184211 0.36184211 0.02631579
0.11184211 0.36842105 0.01973684
0.11184211 0.37500000 0.01315789
0.11184211 0.38157895 0.00657895
0.11184211 0.38815789 0.00000000
0.11842105 0.00000000 0.38157895
0.11842105 0.00657895 0.37500000
0.11842105 0.01315789 0.36842105
0.11842105 0.01973684 0.36184211
0.11842105 0.02631579 0.35526316
0.11842105 0.03289474 0.34868421
0.11842105 0.03947368 0.34210526
0.11842105 0.04605263 0.33552632
0.11842105 0.05263158 0.32894737
0.11842105 0.05921053 0.32236842
0.11842105 0.06578947 0.31578947
0.11842105 0.07236842 0.30921053
0.11842105 0.07894737 0.30263158
0.11842105 0.08552632 0.29605263
0.11842105 0.09210526 0.28947368
0.11842105 0.09868421 0.28289474
0.11842105 0.10526316 0.27631579
0.11842105 0.11184211 0.26973684
0.11842105 0.11842105 0.26315789
0.11842105 0.12500000 0.25657895
0.11842105 0.13157895 0.25000000
0.11842105 0.13815789 0.24342105
0.11842105 0.14473684 0.23684211
0.11842105 0.15131579 0.23026316
0.11842105 0.15789474 0.22368421
0.11842105 0.16447368 0.21710526
0.11842105 0.17105263 0.21052632
0.11842105 0.17763158 0.20394737
0.11842105 0.18421053 0.19736842
0.11842105 0.19078947 0.19078947
0.11842105 0.19736842 0.18421053
0.11842105 0.20394737 0.17763158
0.11842105 0.21052632 0.17105263
0.11842105 0.21710526 0.16447368
0.11842105 0.22368421 0.15789474
0.11842105 0.23026316 0.15131579
0.11842105 0.23684211 0.14473684
0.11842105 0.24342105 0.13815789
0.11842105 0.25000000 0.13157895
0.11842105 0.25657895 0.12500000
0.11842105 0.26315789 0.11842105
0.11842105 0.26973684 0.11184211
0.11842105 0.27631579 0.10526316
0.11842105 0.28289474 0.09868421
0.11842105 0.28947368 0.09210526
0.11842105 0.29605263 0.08552632
0.11842105 0.30263158 0.07894737
0.11842105 0.30921053 0.07236842
0.11842105 0.31578947 0.06578947
0.11842105 0.32236842 0.05921053
0.11842105 0.32894737 0.05263158
0.11842105 0.33552632 0.04605263
0.11842105 0.34210526 0.03947368
0.11842105 0.34868421 0.03289474
0.11842105 0.35526316 0.02631579
0.11842105 0.36184211 0.01973684
0.11842105 0.36842105 0.01315789
0.11842105 0.37500000 0.00657895
0.11842105 0.38157895 0.00000000
0.12500000 0.00000000 0.37500000
0.12500000 0.00657895 0.36842105
0.12500000 0.01315789 0.36184211
0.12500000 0.01973684 0.35526316
0.12500000 0.02631579 0.34868421
0.12500000 0.03289474 0.34210526
0.12500000 0.03947368 0.33552632
0.12500000 0.04605263 0.32894737
0.12500000 0.05263158 0.32236842
0.12500000 0.05921053 0.31578947
0.12500000 0.06578947 0.30921053
0.12500000 0.07236842 0.30263158
0.12500000 0.07894737 0.29605263
0.12500000 0.08552632 0.28947368
0.12500000 0.09210526 0.28289474
0.12500000 0.09868421 0.27631579
0.12500000 0.10526316 0.26973684
0.12500000 0.11184211 0.26315789
0.12500000 0.11842105 0.25657895
0.12500000 0.12500000 0.25000000
0.12500000 0.13157895 0.24342105
0.12500000 0.13815789 0.23684211
0.12500000 0.14473684 0.23026316
0.12500000 0.15131579 0.22368421
0.12500000 0.15789474 0.21710526
0.12500000 0.16447368 0.21052632
0.12500000 0.17105263 0.20394737
0.12500000 0.17763158 0.19736842
0.12500000 0.18421053 0.19078947
0.12500000 0.19078947 0.18421053
0.12500000 0.19736842 0.17763158
0.12500000 0.20394737 0.17105263
0.12500000 0.21052632 0.16447368
0.12500000 0.21710526 0.15789474
0.12500000 0.22368421 0.15131579
0.12500000 0.23026316 0.14473684
0.12500000 0.23684211 0.13815789
0.12500000 0.24342105 0.13157895
0.12500000 0.25000000 0.12500000
0.12500000 0.25657895 0.11842105
0.12500000 0.26315789 0.11184211
0.12500000 0.26973684 0.10526316
0.12500000 0.27631579 0.09868421
0.12500000 0.28289474 0.09210526
0.12500000 0.28947368 0.08552632
0.12500000 0.29605263 0.07894737
0.12500000 0.30263158 0.07236842
0.12500000 0.30921053 0.06578947
0.12500000 0.31578947 0.05921053
0.12500000 0.32236842 0.05263158
0.12500000 0.32894737 0.04605263
0.12500000 0.33552632 0.03947368
0.12500000 0.34210526 0.03289474
0.12500000 0.34868421 0.02631579
0.12500000 0.35526316 0.01973684
0.12500000 0.36184211 0.01315789
0.12500000 0.36842105 0.00657895
0.12500000 0.37500000 0.00000000
0.13157895 0.00000000 0.36842105
0.13157895 0.00657895 0.36184211
0.13157895 0.01315789 0.35526316
0.13157895 0.01973684 0.34868421
0.13157895 0.02631579 0.34210526
0.13157895 0.03289474 0.33552632
0.13157895 0.03947368 0.32894737
0.13157895 0.04605263 0.32236842
0.13157895 0.05263158 0.31578947
0.13157895 0.05921053 0.30921053
0.13157895 0.06578947 0.30263158
0.13157895 0.07236842 0.29605263
0.13157895 0.07894737 0.28947368
0.13157895 0.08552632 0.28289474
0.13157895 0.09210526 0.27631579
0.13157895 0.09868421 0.26973684
0.13157895 0.10526316 0.26315789
0.13157895 0.11184211 0.25657895
0.13157895 0.11842105 0.25000000
0.13157895 0.12500000 0.24342105
0.13157895 0.13157895 0.23684211
0.13157895 0.13815789 0.23026316
0.13157895 0.14473684 0.22368421
0.13157895 0.15131579 0.21710526
0.13157895 0.15789474 0.21052632
0.13157895 0.16447368 0.20394737
0.13157895 0.17105263 0.19736842
0.13157895 0.17763158 0.19078947
0.13157895 0.18421053 0.18421053
0.13157895 0.19078947 0.17763158
0.13157895 0.19736842 0.17105263
0.13157895 0.20394737 0.16447368
0.13157895 0.21052632 0.15789474
0.13157895 0.21710526 0.15131579
0.13157895 0.22368421 0.14473684
0.13157895 0.23026316 0.13815789
0.13157895 0.23684211 0.13157895
0.13157895 0.24342105 0.12500000
0.13157895 0.25000000 0.11842105
0.13157895 0.25657895 0.11184211
0.13157895 0.26315789 0.10526316
0.13157895 0.26973684 0.09868421
0.13157895 0.27631579 0.09210526
0.13157895 0.28289474 0.08552632
0.13157895 0.28947368 0.07894737
0.13157895 0.29605263 0.07236842
0.13157895 0.30263158 0.06578947
0.13157895 0.30921053 0.05921053
0.13157895 0.31578947 0.05263158
0.13157895 0.32236842 0.04605263
0.13157895 0.32894737 0.03947368
0.13157895 0.33552632 0.03289474
0.13157895 0.34210526 0.02631579
0.13157895 0.34868421 0.01973684
0.13157895 0.35526316 0.01315789
0.13157895 0.36184211 0.00657895
0.13157895 0.36842105 0.00000000
0.13815789 0.00000000 0.36184211
0.13815789 0.00657895 0.35526316
0.13815789 0.01315789 0.34868421
0.13815789 0.01973684 0.34210526
0.13815789 0.02631579 0.33552632
0.13815789 0.03289474 0.32894737
0.13815789 0.03947368 0.32236842
0.13815789 0.04605263 0.31578947
0.13815789 0.05263158 0.30921053
0.13815789 0.05921053 0.30263158
0.13815789 0.06578947 0.29605263
0.13815789 0.07236842 0.28947368
0.13815789 0.07894737 0.28289474
0.13815789 0.08552632 0.27631579
0.13815789 0.09210526 0.26973684
0.13815789 0.09868421 0.26315789
0.13815789 0.10526316 0.25657895
0.13815789 0.11184211 0.25000000
0.13815789 0.11842105 0.24342105
0.13815789 0.12500000 0.23684211
0.13815789 0.13157895 0.23026316
0.13815789 0.13815789 0.22368421
0.13815789 0.14473684 0.21710526
0.13815789 0.15131579 0.21052632
0.13815789 0.15789474 0.20394737
0.13815789 0.16447368 0.19736842
0.13815789 0.17105263 0.19078947
0.13815789 0.17763158 0.18421053
0.13815789 0.18421053 0.17763158
0.13815789 0.19078947 0.17105263
0.13815789 0.19736842 0.16447368
0.13815789 0.20394737 0.15789474
0.13815789 0.21052632 0.15131579
0.13815789 0.21710526 0.14473684
0.13815789 0.22368421 0.13815789
0.13815789 0.23026316 0.13157895
0.13815789 0.23684211 0.12500000
0.13815789 0.24342105 0.11842105
0.13815789 0.25000000 0.11184211
0.13815789 0.25657895 0.10526316
0.13815789 0.26315789 0.09868421
0.13815789 0.26973684 0.09210526
0.13815789 0.27631579 0.08552632
0.13815789 0.28289474 0.07894737
0.13815789 0.28947368 0.07236842
0.13815789 0.29605263 0.06578947
0.13815789 0.30263158 0.05921053
0.13815789 0.30921053 0.05263158
0.13815789 0.31578947 0.04605263
0.13815789 0.32236842 0.03947368
0.13815789 0.32894737 0.03289474
0.13815789 0.33552632 0.02631579
0.13815789 0.34210526 0.01973684
0.13815789 0.34868421 0.01315789
0.13815789 0.35526316 0.00657895
0.13815789 0.36184211 0.00000000
0.14473684 0.00000000 0.35526316
0.14473684 0.00657895 0.34868421
0.14473684 0.01315789 0.34210526
0.14473684 0.01973684 0.33552632
0.14473684 0.02631579 0.32894737
0.14473684 0.03289474 0.32236842
0.14473684 0.03947368 0.31578947
0.14473684 0.04605263 0.30921053
0.14473684 0.05263158 0.30263158
0.14473684 0.05921053 0.29605263
0.14473684 0.06578947 0.28947368
0.14473684 0.07236842 0.28289474
0.14473684 0.07894737 0.27631579
0.14473684 0.08552632 0.26973684
0.14473684 0.09210526 0.26315789
0.14473684 0.09868421 0.25657895
0.14473684 0.10526316 0.25000000
0.14473684 0.11184211 0.24342105
0.14473684 0.11842105 0.23684211
0.14473684 0.12500000 0.23026316
0.14473684 0.13157895 0.22368421
0.14473684 0.13815789 0.21710526
0.14473684 0.14473684 0.21052632
0.14473684 0.15131579 0.20394737
0.14473684 0.15789474 0.19736842
0.14473684 0.16447368 0.19078947
0.14473684 0.17105263 0.18421053
0.14473684 0.17763158 0.17763158
0.14473684 0.18421053 0.17105263
0.14473684 0.19078947 0.16447368
0.14473684 0.19736842 0.15789474
0.14473684 0.20394737 0.15131579
0.14473684 0.21052632 0.14473684
0.14473684 0.21710526 0.13815789
0.14473684 0.22368421 0.13157895
0.14473684 0.23026316 0.12500000
0.14473684 0.23684211 0.11842105
0.14473684 0.24342105 0.11184211
0.14473684 0.25000000 0.10526316
0.14473684 0.25657895 0.09868421
0.14473684 0.26315789 0.09210526
0.14473684 0.26973684 0.08552632
0.14473684 0.27631579 0.07894737
0.14473684 0.28289474 0.07236842
0.14473684 0.28947368 0.06578947
0.14473684 0.29605263 0.05921053
0.14473684 0.30263158 0.05263158
0.14473684 0.30921053 0.04605263
0.14473684 0.31578947 0.03947368
0.14473684 0.32236842 0.03289474
0.14473684 0.32894737 0.02631579
0.14473684 0.33552632 0.01973684
0.14473684 0.34210526 0.01315789
0.14473684 0.34868421 0.00657895
0.14473684 0.35526316 0.00000000
0.15131579 0.00000000 0.34868421
0.15131579 0.00657895 0.34210526
0.15131579 0.01315789 0.33552632
0.15131579 0.01973684 0.32894737
0.15131579 0.02631579 0.32236842
0.15131579 0.03289474 0.31578947
0.15131579 0.03947368 0.30921053
0.15131579 0.04605263 0.30263158
0.15131579 0.05263158 0.29605263
0.15131579 0.05921053 0.28947368
0.15131579 0.06578947 0.28289474
0.15131579 0.07236842 0.27631579
0.15131579 0.07894737 0.26973684
0.15131579 0.08552632 0.26315789
0.15131579 0.09210526 0.25657895
0.15131579 0.09868421 0.25000000
0.15131579 0.10526316 0.24342105
0.15131579 0.11184211 0.23684211
0.15131579 0.11842105 0.23026316
0.15131579 0.12500000 0.22368421
0.15131579 0.13157895 0.21710526
0.15131579 0.13815789 0.21052632
0.15131579 0.14473684 0.20394737
0.15131579 0.15131579 0.19736842
0.15131579 0.15789474 0.19078947
0.15131579 0.16447368 0.18421053
0.15131579 0.17105263 0.17763158
0.15131579 0.17763158 0.17105263
0.15131579 0.18421053 0.16447368
0.15131579 0.19078947 0.15789474
0.15131579 0.19736842 0.15131579
0.15131579 0.20394737 0.14473684
0.15131579 0.21052632 0.13815789
0.15131579 0.21710526 0.13157895
0.15131579 0.22368421 0.12500000
0.15131579 0.23026316 0.11842105
0.15131579 0.23684211 0.11184211
0.15131579 0.24342105 0.10526316
0.15131579 0.25000000 0.09868421
0.15131579 0.25657895 0.09210526
0.15131579 0.26315789 0.08552632
0.15131579 0.26973684 0.07894737
0.15131579 0.27631579 0.07236842
0.15131579 0.28289474 0.06578947
0.15131579 0.28947368 0.05921053
0.15131579 0.29605263 0.05263158
0.15131579 0.30263158 0.04605263
0.15131579 0.30921053 0.03947368
0.15131579 0.31578947 0.03289474
0.15131579 0.32236842 0.02631579
0.15131579 0.32894737 0.01973684
0.15131579 0.33552632 0.01315789
0.15131579 0.34210526 0.00657895
0.15131579 0.34868421 0.00000000
0.15789474 0.00000000 0.34210526
0.15789474 0.00657895 0.33552632
0.15789474 0.01315789 0.32894737
0.15789474 0.01973684 0.32236842
0.15789474 0.02631579 0.31578947
0.15789474 0.03289474 0.30921053
0.15789474 0.03947368 0.30263158
0.15789474 0.04605263 0.29605263
0.15789474 0.05263158 0.28947368
0.15789474 0.05921053 0.28289474
0.15789474 0.06578947 0.27631579
0.15789474 0.07236842 0.26973684
0.15789474 0.07894737 0.26315789
0.15789474 0.08552632 0.25657895
0.15789474 0.09210526 0.25000000
0.15789474 0.09868421 0.24342105
0.15789474 0.10526316 0.23684211
0.15789474 0.11184211 0.23026316
0.15789474 0.11842105 0.22368421
0.15789474 0.12500000 0.21710526
0.15789474 0.13157895 0.21052632
0.15789474 0.13815789 0.20394737
0.15789474 0.14473684 0.19736842
0.15789474 0.15131579 0.19078947
0.15789474 0.15789474 0.18421053
0.15789474 0.16447368 0.17763158
0.15789474 0.17105263 0.17105263
0.15789474 0.17763158 0.16447368
0.15789474 0.18421053 0.15789474
0.15789474 0.19078947 0.15131579
0.15789474 0.19736842 0.14473684
0.15789474 0.20394737 0.13815789
0.15789474 0.21052632 0.13157895
0.15789474 0.21710526 0.12500000
0.15789474 0.22368421 0.11842105
0.15789474 0.23026316 0.11184211
0.15789474 0.23684211 0.10526316
0.15789474 0.24342105 0.09868421
0.15789474 0.25000000 0.09210526
0.15789474 0.25657895 0.08552632
0.15789474 0.26315789 0.07894737
0.15789474 0.26973684 0.07236842
0.15789474 0.27631579 0.06578947
0.15789474 0.28289474 0.05921053
0.15789474 0.28947368 0.05263158
0.15789474 0.29605263 0.04605263
0.15789474 0.30263158 0.03947368
0.15789474 0.30921053 0.03289474
0.15789474 0.31578947 0.02631579
0.15789474 0.32236842 0.01973684
0.15789474 0.32894737 0.01315789
0.15789474 0.33552632 0.00657895
0.15789474 0.34210526 0.00000000
0.16447368 0.00000000 0.33552632
0.16447368 0.00657895 0.32894737
0.16447368 0.01315789 0.32236842
0.16447368 0.01973684 0.31578947
0.16447368 0.02631579 0.30921053
0.16447368 0.03289474 0.30263158
0.16447368 0.03947368 0.29605263
0.16447368 0.04605263 0.28947368
0.16447368 0.05263158 0.28289474
0.16447368 0.05921053 0.27631579
0.16447368 0.06578947 0.26973684
0.16447368 0.07236842 0.26315789
0.16447368 0.07894737 0.25657895
0.16447368 0.08552632 0.25000000
0.16447368 0.09210526 0.24342105
0.16447368 0.09868421 0.23684211
0.16447368 0.10526316 0.23026316
0.16447368 0.11184211 0.22368421
0.16447368 0.11842105 0.21710526
0.16447368 0.12500000 0.21052632
0.16447368 0.13157895 0.20394737
0.16447368 0.13815789 0.19736842
0.16447368 0.14473684 0.19078947
0.16447368 0.15131579 0.18421053
0.16447368 0.15789474 0.17763158
0.16447368 0.16447368 0.17105263
0.16447368 0.17105263 0.16447368
0.16447368 0.17763158 0.15789474
0.16447368 0.18421053 0.15131579
0.16447368 0.19078947 0.14473684
0.16447368 0.19736842 0.13815789
0.16447368 0.20394737 0.13157895
0.16447368 0.21052632 0.12500000
0.16447368 0.21710526 0.11842105
0.16447368 0.22368421 0.11184211
0.16447368 0.23026316 0.10526316
0.16447368 0.23684211 0.09868421
0.16447368 0.24342105 0.09210526
0.16447368 0.25000000 0.08552632
0.16447368 0.25657895 0.07894737
0.16447368 0.26315789 0.07236842
0.16447368 0.26973684 0.06578947
0.16447368 0.27631579 0.05921053
0.16447368 0.28289474 0.05263158
0.16447368 0.28947368 0.04605263
0.16447368 0.29605263 0.03947368
0.16447368 0.30263158 0.03289474
0.16447368 0.30921053 0.02631579
0.16447368 0.31578947 0.01973684
0.16447368 0.32236842 0.01315789
0.16447368 0.32894737 0.00657895
0.16447368 0.33552632 0.00000000
0.17105263 0.00000000 0.32894737
0.17105263 0.00657895 0.32236842
0.17105263 0.01315789 0.31578947
0.17105263 0.01973684 0.30921053
0.17105263 0.02631579 0.30263158
0.17105263 0.03289474 0.29605263
0.17105263 0.03947368 0.28947368
0.17105263 0.04605263 0.28289474
0.17105263 0.05263158 0.27631579
0.17105263 0.05921053 0.26973684
0.17105263 0.06578947 0.26315789
0.17105263 0.07236842 0.25657895
0.17105263 0.07894737 0.25000000
0.17105263 0.08552632 0.24342105
0.17105263 0.09210526 0.23684211
0.17105263 0.09868421 0.23026316
0.17105263 0.10526316 0.22368421
0.17105263 0.11184211 0.21710526
0.17105263 0.11842105 0.21052632
0.17105263 0.12500000 0.20394737
0.17105263 0.13157895 0.19736842
0.17105263 0.13815789 0.19078947
0.17105263 0.14473684 0.18421053
0.17105263 0.15131579 0.17763158
0.17105263 0.15789474 0.17105263
0.17105263 0.16447368 0.16447368
0.17105263 0.17105263 0.15789474
0.17105263 0.17763158 0.15131579
0.17105263 0.18421053 0.14473684
0.17105263 0.19078947 0.13815789
0.17105263 0.19736842 0.13157895
0.17105263 0.20394737 0.12500000
0.17105263 0.21052632 0.11842105
0.17105263 0.21710526 0.11184211
0.17105263 0.22368421 0.10526316
0.17105263 0.23026316 0.09868421
0.17105263 0.23684211 0.09210526
0.17105263 0.24342105 0.08552632
0.17105263 0.25000000 0.07894737
0.17105263 0.25657895 0.07236842
0.17105263 0.26315789 0.06578947
0.17105263 0.26973684 0.05921053
0.17105263 0.27631579 0.05263158
0.17105263 0.28289474 0.04605263
0.17105263 0.28947368 0.03947368
0.17105263 0.29605263 0.03289474
0.17105263 0.30263158 0.02631579
0.17105263 0.30921053 0.01973684
0.17105263 0.31578947 0.01315789
0.17105263 0.32236842 0.00657895
0.17105263 0.32894737 0.00000000
0.17763158 0.00000000 0.32236842
0.17763158 0.00657895 0.31578947
0.17763158 0.01315789 0.30921053
0.17763158 0.01973684 0.30263158
0.17763158 0.02631579 0.29605263
0.17763158 0.03289474 0.28947368
0.17763158 0.03947368 0.28289474
0.17763158 0.04605263 0.27631579
0.17763158 0.05263158 0.26973684
0.17763158 0.05921053 0.26315789
0.17763158 0.06578947 0.25657895
0.17763158 0.07236842 0.25000000
0.17763158 0.07894737 0.24342105
0.17763158 0.08552632 0.23684211
0.17763158 0.09210526 0.23026316
0.17763158 0.09868421 0.22368421
0.17763158 0.10526316 0.21710526
0.17763158 0.11184211 0.21052632
0.17763158 0.11842105 0.20394737
0.17763158 0.12500000 0.19736842
0.17763158 0.13157895 0.19078947
0.17763158 0.13815789 0.18421053
0.17763158 0.14473684 0.17763158
0.17763158 0.15131579 0.17105263
0.17763158 0.15789474 0.16447368
0.17763158 0.16447368 0.15789474
0.17763158 0.17105263 0.15131579
0.17763158 0.17763158 0.14473684
0.17763158 0.18421053 0.13815789
0.17763158 0.19078947 0.13157895
0.17763158 0.19736842 0.12500000
0.17763158 0.20394737 0.11842105
0.17763158 0.21052632 0.11184211
0.17763158 0.21710526 0.10526316
0.17763158 0.22368421 0.09868421
0.17763158 0.23026316 0.09210526
0.17763158 0.23684211 0.08552632
0.17763158 0.24342105 0.07894737
0.17763158 0.25000000 0.07236842
0.17763158 0.25657895 0.06578947
0.17763158 0.26315789 0.05921053
0.17763158 0.26973684 0.05263158
0.17763158 0.27631579 0.04605263
0.17763158 0.28289474 0.03947368
0.17763158 0.28947368 0.03289474
0.17763158 0.29605263 0.02631579
0.17763158 0.30263158 0.01973684
0.17763158 0.30921053 0.01315789
0.17763158 0.31578947 0.00657895
0.17763158 0.32236842 0.00000000
0.18421053 0.00000000 0.31578947
0.18421053 0.00657895 0.30921053
0.18421053 0.01315789 0.30263158
0.18421053 0.01973684 0.29605263
0.18421053 0.02631579 0.28947368
0.18421053 0.03289474 0.28289474
0.18421053 0.03947368 0.27631579
0.18421053 0.04605263 0.26973684
0.18421053 0.05263158 0.26315789
0.18421053 0.05921053 0.25657895
0.18421053 0.06578947 0.25000000
0.18421053 0.07236842 0.24342105
0.18421053 0.07894737 0.23684211
0.18421053 0.08552632 0.23026316
0.18421053 0.09210526 0.22368421
0.18421053 0.09868421 0.21710526
0.18421053 0.10526316 0.21052632
0.18421053 0.11184211 0.20394737
0.18421053 0.11842105 0.19736842
0.18421053 0.12500000 0.19078947
0.18421053 0.13157895 0.18421053
0.18421053 0.13815789 0.17763158
0.18421053 0.14473684 0.17105263
0.18421053 0.15131579 0.16447368
0.18421053 0.15789474 0.15789474
0.18421053 0.16447368 0.15131579
0.18421053 0.17105263 0.14473684
0.18421053 0.17763158 0.13815789
0.18421053 0.18421053 0.13157895
0.18421053 0.19078947 0.12500000
0.18421053 0.19736842 0.11842105
0.18421053 0.20394737 0.11184211
0.18421053 0.21052632 0.10526316
0.18421053 0.21710526 0.09868421
0.18421053 0.22368421 0.09210526
0.18421053 0.23026316 0.08552632
0.18421053 0.23684211 0.07894737
0.18421053 0.24342105 0.07236842
0.18421053 0.25000000 0.06578947
0.18421053 0.25657895 0.05921053
0.18421053 0.26315789 0.05263158
0.18421053 0.26973684 0.04605263
0.18421053 0.27631579 0.03947368
0.18421053 0.28289474 0.03289474
0.18421053 0.28947368 0.02631579
0.18421053 0.29605263 0.01973684
0.18421053 0.30263158 0.01315789
0.18421053 0.30921053 0.00657895
0.18421053 0.31578947 0.00000000
0.19078947 0.00000000 0.30921053
0.19078947 0.00657895 0.30263158
0.19078947 0.01315789 0.29605263
0.19078947 0.01973684 0.28947368
0.19078947 0.02631579 0.28289474
0.19078947 0.03289474 0.27631579
0.19078947 0.03947368 0.26973684
0.19078947 0.04605263 0.26315789
0.19078947 0.05263158 0.25657895
0.19078947 0.05921053 0.25000000
0.19078947 0.06578947 0.24342105
0.19078947 0.07236842 0.23684211
0.19078947 0.07894737 0.23026316
0.19078947 0.08552632 0.22368421
0.19078947 0.09210526 0.21710526
0.19078947 0.09868421 0.21052632
0.19078947 0.10526316 0.20394737
0.19078947 0.11184211 0.19736842
0.19078947 0.11842105 0.19078947
0.19078947 0.12500000 0.18421053
0.19078947 0.13157895 0.17763158
0.19078947 0.13815789 0.17105263
0.19078947 0.14473684 0.16447368
0.19078947 0.15131579 0.15789474
0.19078947 0.15789474 0.15131579
0.19078947 0.16447368 0.14473684
0.19078947 0.17105263 0.13815789
0.19078947 0.17763158 0.13157895
0.19078947 0.18421053 0.12500000
0.19078947 0.19078947 0.11842105
0.19078947 0.19736842 0.11184211
0.19078947 0.20394737 0.10526316
0.19078947 0.21052632 0.09868421
0.19078947 0.21710526 0.09210526
0.19078947 0.22368421 0.08552632
0.19078947 0.23026316 0.07894737
0.19078947 0.23684211 0.07236842
0.19078947 0.24342105 0.06578947
0.19078947 0.25000000 0.05921053
0.19078947 0.25657895 0.05263158
0.19078947 0.26315789 0.04605263
0.19078947 0.26973684 0.03947368
0.19078947 0.27631579 0.03289474
0.19078947 0.28289474 0.02631579
0.19078947 0.28947368 0.01973684
0.19078947 0.29605263 0.01315789
0.19078947 0.30263158 0.00657895
0.19078947 0.30921053 0.00000000
0.19736842 0.00000000 0.30263158
0.19736842 0.00657895 0.29605263
0.19736842 0.01315789 0.28947368
0.19736842 0.01973684 0.28289474
0.19736842 0.02631579 0.27631579
0.19736842 0.03289474 0.26973684
0.19736842 0.03947368 0.26315789
0.19736842 0.04605263 0.25657895
0.19736842 0.05263158 0.25000000
0.19736842 0.05921053 0.24342105
0.19736842 0.06578947 0.23684211
0.19736842 0.07236842 0.23026316
0.19736842 0.07894737 0.22368421
0.19736842 0.08552632 0.21710526
0.19736842 0.09210526 0.21052632
0.19736842 0.09868421 0.20394737
0.19736842 0.10526316 0.19736842
0.19736842 0.11184211 0.19078947
0.19736842 0.11842105 0.18421053
0.19736842 0.12500000 0.17763158
0.19736842 0.13157895 0.17105263
0.19736842 0.13815789 0.16447368
0.19736842 0.14473684 0.15789474
0.19736842 0.15131579 0.15131579
0.19736842 0.15789474 0.14473684
0.19736842 0.16447368 0.13815789
0.19736842 0.17105263 0.13157895
0.19736842 0.17763158 0.12500000
0.19736842 0.18421053 0.11842105
0.19736842 0.19078947 0.11184211
0.19736842 0.19736842 0.10526316
0.19736842 0.20394737 0.09868421
0.19736842 0.21052632 0.09210526
0.19736842 0.21710526 0.08552632
0.19736842 0.22368421 0.07894737
0.19736842 0.23026316 0.07236842
0.19736842 0.23684211 0.06578947
0.19736842 0.24342105 0.05921053
0.19736842 0.25000000 0.05263158
0.19736842 0.25657895 0.04605263
0.19736842 0.26315789 0.03947368
0.19736842 0.26973684 0.03289474
0.19736842 0.27631579 0.02631579
0.19736842 0.28289474 0.01973684
0.19736842 0.28947368 0.01315789
0.19736842 0.29605263 0.00657895
0.19736842 0.30263158 0.00000000
0.20394737 0.00000000 0.29605263
0.20394737 0.00657895 0.28947368
0.20394737 0.01315789 0.28289474
0.20394737 0.01973684 0.27631579
0.20394737 0.02631579 0.26973684
0.20394737 0.03289474 0.26315789
0.20394737 0.03947368 0.25657895
0.20394737 0.04605263 0.25000000
0.20394737 0.05263158 0.24342105
0.20394737 0.05921053 0.23684211
0.20394737 0.06578947 0.23026316
0.20394737 0.07236842 0.22368421
0.20394737 0.07894737 0.21710526
0.20394737 0.08552632 0.21052632
0.20394737 0.09210526 0.20394737
0.20394737 0.09868421 0.19736842
0.20394737 0.10526316 0.19078947
0.20394737 0.11184211 0.18421053
0.20394737 0.11842105 0.17763158
0.20394737 0.12500000 0.17105263
0.20394737 0.13157895 0.16447368
0.20394737 0.13815789 0.15789474
0.20394737 0.14473684 0.15131579
0.20394737 0.15131579 0.14473684
0.20394737 0.15789474 0.13815789
0.20394737 0.16447368 0.13157895
0.20394737 0.17105263 0.12500000
0.20394737 0.17763158 0.11842105
0.20394737 0.18421053 0.11184211
0.20394737 0.19078947 0.10526316
0.20394737 0.19736842 0.09868421
0.20394737 0.20394737 0.09210526
0.20394737 0.21052632 0.08552632
0.20394737 0.21710526 0.07894737
0.20394737 0.22368421 0.07236842
0.20394737 0.23026316 0.06578947
0.20394737 0.23684211 0.05921053
0.20394737 0.24342105 0.05263158
0.20394737 0.25000000 0.04605263
0.20394737 0.25657895 0.03947368
0.20394737 0.26315789 0.03289474
0.20394737 0.26973684 0.02631579
0.20394737 0.27631579 0.01973684
0.20394737 0.28289474 0.01315789
0.20394737 0.28947368 0.00657895
0.20394737 0.29605263 0.00000000
0.21052632 0.00000000 0.28947368
0.21052632 0.00657895 0.28289474
0.21052632 0.01315789 0.27631579
0.21052632 0.01973684 0.26973684
0.21052632 0.02631579 0.26315789
0.21052632 0.03289474 0.25657895
0.21052632 0.03947368 0.25000000
0.21052632 0.04605263 0.24342105
0.21052632 0.05263158 0.23684211
0.21052632 0.05921053 0.23026316
0.21052632 0.06578947 0.22368421
0.21052632 0.07236842 0.21710526
0.21052632 0.07894737 0.21052632
0.21052632 0.08552632 0.20394737
0.21052632 0.09210526 0.19736842
0.21052632 0.09868421 0.19078947
0.21052632 0.10526316 0.18421053
0.21052632 0.11184211 0.17763158
0.21052632 0.11842105 0.17105263
0.21052632 0.12500000 0.16447368
0.21052632 0.13157895 0.15789474
0.21052632 0.13815789 0.15131579
0.21052632 0.14473684 0.14473684
0.21052632 0.15131579 0.13815789
0.21052632 0.15789474 0.13157895
0.21052632 0.16447368 0.12500000
0.21052632 0.17105263 0.11842105
0.21052632 0.17763158 0.11184211
0.21052632 0.18421053 0.10526316
0.21052632 0.19078947 0.09868421
0.21052632 0.19736842 0.09210526
0.21052632 0.20394737 0.08552632
0.21052632 0.21052632 0.07894737
0.21052632 0.21710526 0.07236842
0.21052632 0.22368421 0.06578947
0.21052632 0.23026316 0.05921053
0.21052632 0.23684211 0.05263158
0.21052632 0.24342105 0.04605263
0.21052632 0.25000000 0.03947368
0.21052632 0.25657895 0.03289474
0.21052632 0.26315789 0.02631579
0.21052632 0.26973684 0.01973684
0.21052632 0.27631579 0.01315789
0.21052632 0.28289474 0.00657895
0.21052632 0.28947368 0.00000000
0.21710526 0.00000000 0.28289474
0.21710526 0.00657895 0.27631579
0.21710526 0.01315789 0.26973684
0.21710526 0.01973684 0.26315789
0.21710526 0.02631579 0.25657895
0.21710526 0.03289474 0.25000000
0.21710526 0.03947368 0.24342105
0.21710526 0.04605263 0.23684211
0.21710526 0.05263158 0.23026316
0.21710526 0.05921053 0.22368421
0.21710526 0.06578947 0.21710526
0.21710526 0.07236842 0.21052632
0.21710526 0.07894737 0.20394737
0.21710526 0.08552632 0.19736842
0.21710526 0.09210526 0.19078947
0.21710526 0.09868421 0.18421053
0.21710526 0.10526316 0.17763158
0.21710526 0.11184211 0.17105263
0.21710526 0.11842105 0.16447368
0.21710526 0.12500000 0.15789474
0.21710526 0.13157895 0.15131579
0.21710526 0.13815789 0.14473684
0.21710526 0.14473684 0.13815789
0.21710526 0.15131579 0.13157895
0.21710526 0.15789474 0.12500000
0.21710526 0.16447368 0.11842105
0.21710526 0.17105263 0.11184211
0.21710526 0.17763158 0.10526316
0.21710526 0.18421053 0.09868421
0.21710526 0.19078947 0.09210526
0.21710526 0.19736842 0.08552632
0.21710526 0.20394737 0.07894737
0.21710526 0.21052632 0.07236842
0.21710526 0.21710526 0.06578947
0.21710526 0.22368421 0.05921053
0.21710526 0.23026316 0.05263158
0.21710526 0.23684211 0.04605263
0.21710526 0.24342105 0.03947368
0.21710526 0.25000000 0.03289474
0.21710526 0.25657895 0.02631579
0.21710526 0.26315789 0.01973684
0.21710526 0.26973684 0.01315789
0.21710526 0.27631579 0.00657895
0.21710526 0.28289474 0.00000000
0.22368421 0.00000000 0.27631579
0.22368421 0.00657895 0.26973684
0.22368421 0.01315789 0.26315789
0.22368421 0.01973684 0.25657895
0.22368421 0.02631579 0.25000000
0.22368421 0.03289474 0.24342105
0.22368421 0.03947368 0.23684211
0.22368421 0.04605263 0.23026316
0.22368421 0.05263158 0.22368421
0.22368421 0.05921053 0.21710526
0.22368421 0.06578947 0.21052632
0.22368421 0.07236842 0.20394737
0.22368421 0.07894737 0.19736842
0.22368421 0.08552632 0.19078947
0.22368421 0.09210526 0.18421053
0.22368421 0.09868421 0.17763158
0.22368421 0.10526316 0.17105263
0.22368421 0.11184211 0.16447368
0.22368421 0.11842105 0.15789474
0.22368421 0.12500000 0.15131579
0.22368421 0.13157895 0.14473684
0.22368421 0.13815789 0.13815789
0.22368421 0.14473684 0.13157895
0.22368421 0.15131579 0.12500000
0.22368421 0.15789474 0.11842105
0.22368421 0.16447368 0.11184211
0.22368421 0.17105263 0.10526316
0.22368421 0.17763158 0.09868421
0.22368421 0.18421053 0.09210526
0.22368421 0.19078947 0.08552632
0.22368421 0.19736842 0.07894737
0.22368421 0.20394737 0.07236842
0.22368421 0.21052632 0.06578947
0.22368421 0.21710526 0.05921053
0.22368421 0.22368421 0.05263158
0.22368421 0.23026316 0.04605263
0.22368421 0.23684211 0.03947368
0.22368421 0.24342105 0.03289474
0.22368421 0.25000000 0.02631579
0.22368421 0.25657895 0.01973684
0.22368421 0.26315789 0.01315789
0.22368421 0.26973684 0.00657895
0.22368421 0.27631579 0.00000000
0.23026316 0.00000000 0.26973684
0.23026316 0.00657895 0.26315789
0.23026316 0.01315789 0.25657895
0.23026316 0.01973684 0.25000000
0.23026316 0.02631579 0.24342105
0.23026316 0.03289474 0.23684211
0.23026316 0.03947368 0.23026316
0.23026316 0.04605263 0.22368421
0.23026316 0.05263158 0.21710526
0.23026316 0.05921053 0.21052632
0.23026316 0.06578947 0.20394737
0.23026316 0.07236842 0.19736842
0.23026316 0.07894737 0.19078947
0.23026316 0.08552632 0.18421053
0.23026316 0.09210526 0.17763158
0.23026316 0.09868421 0.17105263
0.23026316 0.10526316 0.16447368
0.23026316 0.11184211 0.15789474
0.23026316 0.11842105 0.15131579
0.23026316 0.12500000 0.14473684
0.23026316 0.13157895 0.13815789
0.23026316 0.13815789 0.13157895
0.23026316 0.14473684 0.12500000
0.23026316 0.15131579 0.11842105
0.23026316 0.15789474 0.11184211
0.23026316 0.16447368 0.10526316
0.23026316 0.17105263 0.09868421
0.23026316 0.17763158 0.09210526
0.23026316 0.18421053 0.08552632
0.23026316 0.19078947 0.07894737
0.23026316 0.19736842 0.07236842
0.23026316 0.20394737 0.06578947
0.23026316 0.21052632 0.05921053
0.23026316 0.21710526 0.05263158
0.23026316 0.22368421 0.04605263
0.23026316 0.23026316 0.03947368
0.23026316 0.23684211 0.03289474
0.23026316 0.24342105 0.02631579
0.23026316 0.25000000 0.01973684
0.23026316 0.25657895 0.01315789
0.23026316 0.26315789 0.00657895
0.23026316 0.26973684 0.00000000
0.23684211 0.00000000 0.26315789
0.23684211 0.00657895 0.25657895
0.23684211 0.01315789 0.25000000
0.23684211 0.01973684 0.24342105
0.23684211 0.02631579 0.23684211
0.23684211 0.03289474 0.23026316
0.23684211 0.03947368 0.22368421
0.23684211 0.04605263 0.21710526
0.23684211 0.05263158 0.21052632
0.23684211 0.05921053 0.20394737
0.23684211 0.06578947 0.19736842
0.23684211 0.07236842 0.19078947
0.23684211 0.07894737 0.18421053
0.23684211 0.08552632 0.17763158
0.23684211 0.09210526 0.17105263
0.23684211 0.09868421 0.16447368
0.23684211 0.10526316 0.15789474
0.23684211 0.11184211 0.15131579
0.23684211 0.11842105 0.14473684
0.23684211 0.12500000 0.13815789
0.23684211 0.13157895 0.13157895
0.23684211 0.13815789 0.12500000
0.23684211 0.14473684 0.11842105
0.23684211 0.15131579 0.11184211
0.23684211 0.15789474 0.10526316
0.23684211 0.16447368 0.09868421
0.23684211 0.17105263 0.09210526
0.23684211 0.17763158 0.08552632
0.23684211 0.18421053 0.07894737
0.23684211 0.19078947 0.07236842
0.23684211 0.19736842 0.06578947
0.23684211 0.20394737 0.05921053
0.23684211 0.21052632 0.05263158
0.23684211 0.21710526 0.04605263
0.23684211 0.22368421 0.03947368
0.23684211 0.23026316 0.03289474
0.23684211 0.23684211 0.02631579
0.23684211 0.24342105 0.01973684
0.23684211 0.25000000 0.01315789
0.23684211 0.25657895 0.00657895
0.23684211 0.26315789 0.00000000
0.24342105 0.00000000 0.25657895
0.24342105 0.00657895 0.25000000
0.24342105 0.01315789 0.24342105
0.24342105 0.01973684 0.23684211
0.24342105 0.02631579 0.23026316
0.24342105 0.03289474 0.22368421
0.24342105 0.03947368 0.21710526
0.24342105 0.04605263 0.21052632
0.24342105 0.05263158 0.20394737
0.24342105 0.05921053 0.19736842
0.24342105 0.06578947 0.19078947
0.24342105 0.07236842 0.18421053
0.24342105 0.07894737 0.17763158
0.24342105 0.08552632 0.17105263
0.24342105 0.09210526 0.16447368
0.24342105 0.09868421 0.15789474
0.24342105 0.10526316 0.15131579
0.24342105 0.11184211 0.14473684
0.24342105 0.11842105 0.13815789
0.24342105 0.12500000 0.13157895
0.24342105 0.13157895 0.12500000
0.24342105 0.13815789 0.11842105
0.24342105 0.14473684 0.11184211
0.24342105 0.15131579 0.10526316
0.24342105 0.15789474 0.09868421
0.24342105 0.16447368 0.09210526
0.24342105 0.17105263 0.08552632
0.24342105 0.17763158 0.07894737
0.24342105 0.18421053 0.07236842
0.24342105 0.19078947 0.06578947
0.24342105 0.19736842 0.05921053
0.24342105 0.20394737 0.05263158
0.24342105 0.21052632 0.04605263
0.24342105 0.21710526 0.03947368
0.24342105 0.22368421 0.03289474
0.24342105 0.23026316 0.02631579
0.24342105 0.23684211 0.01973684
0.24342105 0.24342105 0.01315789
0.24342105 0.25000000 0.00657895
0.24342105 0.25657895 0.00000000
0.25000000 0.00000000 0.25000000
0.25000000 0.00657895 0.24342105
0.25000000 0.01315789 0.23684211
0.25000000 0.01973684 0.23026316
0.25000000 0.02631579 0.22368421
0.25000000 0.03289474 0.21710526
0.25000000 0.03947368 0.21052632
0.25000000 0.04605263 0.20394737
0.25000000 0.05263158 0.19736842
0.25000000 0.05921053 0.19078947
0.25000000 0.06578947 0.18421053
0.25000000 0.07236842 0.17763158
0.25000000 0.07894737 0.17105263
0.25000000 0.08552632 0.16447368
0.25000000 0.09210526 0.15789474
0.25000000 0.09868421 0.15131579
0.25000000 0.10526316 0.14473684
0.25000000 0.11184211 0.13815789
0.25000000 0.11842105 0.13157895
0.25000000 0.12500000 0.12500000
0.25000000 0.13157895 0.11842105
0.25000000 0.13815789 0.11184211
0.25000000 0.14473684 0.10526316
0.25000000 0.15131579 0.09868421
0.25000000 0.15789474 0.09210526
0.25000000 0.16447368 0.08552632
0.25000000 0.17105263 0.07894737
0.25000000 0.17763158 0.07236842
0.25000000 0.18421053 0.06578947
0.25000000 0.19078947 0.05921053
0.25000000 0.19736842 0.05263158
0.25000000 0.20394737 0.04605263
0.25000000 0.21052632 0.03947368
0.25000000 0.21710526 0.03289474
0.25000000 0.22368421 0.02631579
0.25000000 0.23026316 0.01973684
0.25000000 0.23684211 0.01315789
0.25000000 0.24342105 0.00657895
0.25000000 0.25000000 0.00000000
0.25657895 0.00000000 0.24342105
0.25657895 0.00657895 0.23684211
0.25657895 0.01315789 0.23026316
0.25657895 0.01973684 0.22368421
0.25657895 0.02631579 0.21710526
0.25657895 0.03289474 0.21052632
0.25657895 0.03947368 0.20394737
0.25657895 0.04605263 0.19736842
0.25657895 0.05263158 0.19078947
0.25657895 0.05921053 0.18421053
0.25657895 0.06578947 0.17763158
0.25657895 0.07236842 0.17105263
0.25657895 0.07894737 0.16447368
0.25657895 0.08552632 0.15789474
0.25657895 0.09210526 0.15131579
0.25657895 0.09868421 0.14473684
0.25657895 0.10526316 0.13815789
0.25657895 0.11184211 0.13157895
0.25657895 0.11842105 0.12500000
0.25657895 0.12500000 0.11842105
0.25657895 0.13157895 0.11184211
0.25657895 0.13815789 0.10526316
0.25657895 0.14473684 0.09868421
0.25657895 0.15131579 0.09210526
0.25657895 0.15789474 0.08552632
0.25657895 0.16447368 0.07894737
0.25657895 0.17105263 0.07236842
0.25657895 0.17763158 0.06578947
0.25657895 0.18421053 0.05921053
0.25657895 0.19078947 0.05263158
0.25657895 0.19736842 0.04605263
0.25657895 0.20394737 0.03947368
0.25657895 0.21052632 0.03289474
0.25657895 0.21710526 0.02631579
0.25657895 0.22368421 0.01973684
0.25657895 0.23026316 0.01315789
0.25657895 0.23684211 0.00657895
0.25657895 0.24342105 0.00000000
0.26315789 0.00000000 0.23684211
0.26315789 0.00657895 0.23026316
0.26315789 0.01315789 0.22368421
0.26315789 0.01973684 0.21710526
0.26315789 0.02631579 0.21052632
0.26315789 0.03289474 0.20394737
0.26315789 0.03947368 0.19736842
0.26315789 0.04605263 0.19078947
0.26315789 0.05263158 0.18421053
0.26315789 0.05921053 0.17763158
0.26315789 0.06578947 0.17105263
0.26315789 0.07236842 0.16447368
0.26315789 0.07894737 0.15789474
0.26315789 0.08552632 0.15131579
0.26315789 0.09210526 0.14473684
0.26315789 0.09868421 0.13815789
0.26315789 0.10526316 0.13157895
0.26315789 0.11184211 0.12500000
0.26315789 0.11842105 0.11842105
0.26315789 0.12500000 0.11184211
0.26315789 0.13157895 0.10526316
0.26315789 0.13815789 0.09868421
0.26315789 0.14473684 0.09210526
0.26315789 0.15131579 0.08552632
0.26315789 0.15789474 0.07894737
0.26315789 0.16447368 0.07236842
0.26315789 0.17105263 0.06578947
0.26315789 0.17763158 0.05921053
0.26315789 0.18421053 0.05263158
0.26315789 0.19078947 0.04605263
0.26315789 0.19736842 0.03947368
0.26315789 0.20394737 0.03289474
0.26315789 0.21052632 0.02631579
0.26315789 0.21710526 0.01973684
0.26315789 0.22368421 0.01315789
0.26315789 0.23026316 0.00657895
0.26315789 0.23684211 0.00000000
0.26973684 0.00000000 0.23026316
0.26973684 0.00657895 0.22368421
0.26973684 0.01315789 0.21710526
0.26973684 0.01973684 0.21052632
0.26973684 0.02631579 0.20394737
0.26973684 0.03289474 0.19736842
0.26973684 0.03947368 0.19078947
0.26973684 0.04605263 0.18421053
0.26973684 0.05263158 0.17763158
0.26973684 0.05921053 0.17105263
0.26973684 0.06578947 0.16447368
0.26973684 0.07236842 0.15789474
0.26973684 0.07894737 0.15131579
0.26973684 0.08552632 0.14473684
0.26973684 0.09210526 0.13815789
0.26973684 0.09868421 0.13157895
0.26973684 0.10526316 0.12500000
0.26973684 0.11184211 0.11842105
0.26973684 0.11842105 0.11184211
0.26973684 0.12500000 0.10526316
0.26973684 0.13157895 0.09868421
0.26973684 0.13815789 0.09210526
0.26973684 0.14473684 0.08552632
0.26973684 0.15131579 0.07894737
0.26973684 0.15789474 0.07236842
0.26973684 0.16447368 0.06578947
0.26973684 0.17105263 0.05921053
0.26973684 0.17763158 0.05263158
0.26973684 0.18421053 0.04605263
0.26973684 0.19078947 0.03947368
0.26973684 0.19736842 0.03289474
0.26973684 0.20394737 0.02631579
0.26973684 0.21052632 0.01973684
0.26973684 0.21710526 0.01315789
0.26973684 0.22368421 0.00657895
0.26973684 0.23026316 0.00000000
0.27631579 0.00000000 0.22368421
0.27631579 0.00657895 0.21710526
0.27631579 0.01315789 0.21052632
0.27631579 0.01973684 0.20394737
0.27631579 0.02631579 0.19736842
0.27631579 0.03289474 0.19078947
0.27631579 0.03947368 0.18421053
0.27631579 0.04605263 0.17763158
0.27631579 0.05263158 0.17105263
0.27631579 0.05921053 0.16447368
0.27631579 0.06578947 0.15789474
0.27631579 0.07236842 0.15131579
0.27631579 0.07894737 0.14473684
0.27631579 0.08552632 0.13815789
0.27631579 0.09210526 0.13157895
0.27631579 0.09868421 0.12500000
0.27631579 0.10526316 0.11842105
0.27631579 0.11184211 0.11184211
0.27631579 0.11842105 0.10526316
0.27631579 0.12500000 0.09868421
0.27631579 0.13157895 0.09210526
0.27631579 0.13815789 0.08552632
0.27631579 0.14473684 0.07894737
0.27631579 0.15131579 0.07236842
0.27631579 0.15789474 0.06578947
0.27631579 0.16447368 0.05921053
0.27631579 0.17105263 0.05263158
0.27631579 0.17763158 0.04605263
0.27631579 0.18421053 0.03947368
0.27631579 0.19078947 0.03289474
0.27631579 0.19736842 0.02631579
0.27631579 0.20394737 0.01973684
0.27631579 0.21052632 0.01315789
0.27631579 0.21710526 0.00657895
0.27631579 0.22368421 0.00000000
0.28289474 0.00000000 0.21710526
0.28289474 0.00657895 0.21052632
0.28289474 0.01315789 0.20394737
0.28289474 0.01973684 0.19736842
0.28289474 0.02631579 0.19078947
0.28289474 0.03289474 0.18421053
0.28289474 0.03947368 0.17763158
0.28289474 0.04605263 0.17105263
0.28289474 0.05263158 0.16447368
0.28289474 0.05921053 0.15789474
0.28289474 0.06578947 0.15131579
0.28289474 0.07236842 0.14473684
0.28289474 0.07894737 0.13815789
0.28289474 0.08552632 0.13157895
0.28289474 0.09210526 0.12500000
0.28289474 0.09868421 0.11842105
0.28289474 0.10526316 0.11184211
0.28289474 0.11184211 0.10526316
0.28289474 0.11842105 0.09868421
0.28289474 0.12500000 0.09210526
0.28289474 0.13157895 0.08552632
0.28289474 0.13815789 0.07894737
0.28289474 0.14473684 0.07236842
0.28289474 0.15131579 0.06578947
0.28289474 0.15789474 0.05921053
0.28289474 0.16447368 0.05263158
0.28289474 0.17105263 0.04605263
0.28289474 0.17763158 0.03947368
0.28289474 0.18421053 0.03289474
0.28289474 0.19078947 0.02631579
0.28289474 0.19736842 0.01973684
0.28289474 0.20394737 0.01315789
0.28289474 0.21052632 0.00657895
0.28289474 0.21710526 0.00000000
0.28947368 0.00000000 0.21052632
0.28947368 0.00657895 0.20394737
0.28947368 0.01315789 0.19736842
0.28947368 0.01973684 0.19078947
0.28947368 0.02631579 0.18421053
0.28947368 0.03289474 0.17763158
0.28947368 0.03947368 0.17105263
0.28947368 0.04605263 0.16447368
0.28947368 0.05263158 0.15789474
0.28947368 0.05921053 0.15131579
0.28947368 0.06578947 0.14473684
0.28947368 0.07236842 0.13815789
0.28947368 0.07894737 0.13157895
0.28947368 0.08552632 0.12500000
0.28947368 0.09210526 0.11842105
0.28947368 0.09868421 0.11184211
0.28947368 0.10526316 0.10526316
0.28947368 0.11184211 0.09868421
0.28947368 0.11842105 0.09210526
0.28947368 0.12500000 0.08552632
0.28947368 0.13157895 0.07894737
0.28947368 0.13815789 0.07236842
0.28947368 0.14473684 0.06578947
0.28947368 0.15131579 0.05921053
0.28947368 0.15789474 0.05263158
0.28947368 0.16447368 0.04605263
0.28947368 0.17105263 0.03947368
0.28947368 0.17763158 0.03289474
0.28947368 0.18421053 0.02631579
0.28947368 0.19078947 0.01973684
0.28947368 0.19736842 0.01315789
0.28947368 0.20394737 0.00657895
0.28947368 0.21052632 0.00000000
0.29605263 0.00000000 0.20394737
0.29605263 0.00657895 0.19736842
0.29605263 0.01315789 0.19078947
0.29605263 0.01973684 0.18421053
0.29605263 0.02631579 0.17763158
0.29605263 0.03289474 0.17105263
0.29605263 0.03947368 0.16447368
0.29605263 0.04605263 0.15789474
0.29605263 0.05263158 0.15131579
0.29605263 0.05921053 0.14473684
0.29605263 0.06578947 0.13815789
0.29605263 0.07236842 0.13157895
0.29605263 0.07894737 0.12500000
0.29605263 0.08552632 0.11842105
0.29605263 0.09210526 0.11184211
0.29605263 0.09868421 0.10526316
0.29605263 0.10526316 0.09868421
0.29605263 0.11184211 0.09210526
0.29605263 0.11842105 0.08552632
0.29605263 0.12500000 0.07894737
0.29605263 0.13157895 0.07236842
0.29605263 0.13815789 0.06578947
0.29605263 0.14473684 0.05921053
0.29605263 0.15131579 0.05263158
0.29605263 0.15789474 0.04605263
0.29605263 0.16447368 0.03947368
0.29605263 0.17105263 0.03289474
0.29605263 0.17763158 0.02631579
0.29605263 0.18421053 0.01973684
0.29605263 0.19078947 0.01315789
0.29605263 0.19736842 0.00657895
0.29605263 0.20394737 0.00000000
0.30263158 0.00000000 0.19736842
0.30263158 0.00657895 0.19078947
0.30263158 0.01315789 0.18421053
0.30263158 0.01973684 0.17763158
0.30263158 0.02631579 0.17105263
0.30263158 0.03289474 0.16447368
0.30263158 0.03947368 0.15789474
0.30263158 0.04605263 0.15131579
0.30263158 0.05263158 0.14473684
0.30263158 0.05921053 0.13815789
0.30263158 0.06578947 0.13157895
0.30263158 0.07236842 0.12500000
0.30263158 0.07894737 0.11842105
0.30263158 0.08552632 0.11184211
0.30263158 0.09210526 0.10526316
0.30263158 0.09868421 0.09868421
0.30263158 0.10526316 0.09210526
0.30263158 0.11184211 0.08552632
0.30263158 0.11842105 0.07894737
0.30263158 0.12500000 0.07236842
0.30263158 0.13157895 0.06578947
0.30263158 0.13815789 0.05921053
0.30263158 0.14473684 0.05263158
0.30263158 0.15131579 0.04605263
0.30263158 0.15789474 0.03947368
0.30263158 0.16447368 0.03289474
0.30263158 0.17105263 0.02631579
0.30263158 0.17763158 0.01973684
0.30263158 0.18421053 0.01315789
0.30263158 0.19078947 0.00657895
0.30263158 0.19736842 0.00000000
0.30921053 0.00000000 0.19078947
0.30921053 0.00657895 0.18421053
0.30921053 0.01315789 0.17763158
0.30921053 0.01973684 0.17105263
0.30921053 0.02631579 0.16447368
0.30921053 0.03289474 0.15789474
0.30921053 0.03947368 0.15131579
0.30921053 0.04605263 0.14473684
0.30921053 0.05263158 0.13815789
0.30921053 0.05921053 0.13157895
0.30921053 0.06578947 0.12500000
0.30921053 0.07236842 0.11842105
0.30921053 0.07894737 0.11184211
0.30921053 0.08552632 0.10526316
0.30921053 0.09210526 0.09868421
0.30921053 0.09868421 0.09210526
0.30921053 0.10526316 0.08552632
0.30921053 0.11184211 0.07894737
0.30921053 0.11842105 0.07236842
0.30921053 0.12500000 0.06578947
0.30921053 0.13157895 0.05921053
0.30921053 0.13815789 0.05263158
0.30921053 0.14473684 0.04605263
0.30921053 0.15131579 0.03947368
0.30921053 0.15789474 0.03289474
0.30921053 0.16447368 0.02631579
0.30921053 0.17105263 0.01973684
0.30921053 0.17763158 0.01315789
0.30921053 0.18421053 0.00657895
0.30921053 0.19078947 0.00000000
0.31578947 0.00000000 0.18421053
0.31578947 0.00657895 0.17763158
0.31578947 0.01315789 0.17105263
0.31578947 0.01973684 0.16447368
0.31578947 0.02631579 0.15789474
0.31578947 0.03289474 0.15131579
0.31578947 0.03947368 0.14473684
0.31578947 0.04605263 0.13815789
0.31578947 0.05263158 0.13157895
0.31578947 0.05921053 0.12500000
0.31578947 0.06578947 0.11842105
0.31578947 0.07236842 0.11184211
0.31578947 0.07894737 0.10526316
0.31578947 0.08552632 0.09868421
0.31578947 0.09210526 0.09210526
0.31578947 0.09868421 0.08552632
0.31578947 0.10526316 0.07894737
0.31578947 0.11184211 0.07236842
0.31578947 0.11842105 0.06578947
0.31578947 0.12500000 0.05921053
0.31578947 0.13157895 0.05263158
0.31578947 0.13815789 0.04605263
0.31578947 0.14473684 0.03947368
0.31578947 0.15131579 0.03289474
0.31578947 0.15789474 0.02631579
0.31578947 0.16447368 0.01973684
0.31578947 0.17105263 0.01315789
0.31578947 0.17763158 0.00657895
0.31578947 0.18421053 0.00000000
0.32236842 0.00000000 0.17763158
0.32236842 0.00657895 0.17105263
0.32236842 0.01315789 0.16447368
0.32236842 0.01973684 0.15789474
0.32236842 0.02631579 0.15131579
0.32236842 0.03289474 0.14473684
0.32236842 0.03947368 0.13815789
0.32236842 0.04605263 0.13157895
0.32236842 0.05263158 0.12500000
0.32236842 0.05921053 0.11842105
0.32236842 0.06578947 0.11184211
0.32236842 0.07236842 0.10526316
0.32236842 0.07894737 0.09868421
0.32236842 0.08552632 0.09210526
0.32236842 0.09210526 0.08552632
0.32236842 0.09868421 0.07894737
0.32236842 0.10526316 0.07236842
0.32236842 0.11184211 0.06578947
0.32236842 0.11842105 0.05921053
0.32236842 0.12500000 0.05263158
0.32236842 0.13157895 0.04605263
0.32236842 0.13815789 0.03947368
0.32236842 0.14473684 0.03289474
0.32236842 0.15131579 0.02631579
0.32236842 0.15789474 0.01973684
0.32236842 0.16447368 0.01315789
0.32236842 0.17105263 0.00657895
0.32236842 0.17763158 0.00000000
0.32894737 0.00000000 0.17105263
0.32894737 0.00657895 0.16447368
0.32894737 0.01315789 0.15789474
0.32894737 0.01973684 0.15131579
0.32894737 0.02631579 0.14473684
0.32894737 0.03289474 0.13815789
0.32894737 0.03947368 0.13157895
0.32894737 0.04605263 0.12500000
0.32894737 0.05263158 0.11842105
0.32894737 0.05921053 0.11184211
0.32894737 0.06578947 0.10526316
0.32894737 0.07236842 0.09868421
0.32894737 0.07894737 0.09210526
0.32894737 0.08552632 0.08552632
0.32894737 0.09210526 0.07894737
0.32894737 0.09868421 0.07236842
0.32894737 0.10526316 0.06578947
0.32894737 0.11184211 0.05921053
0.32894737 0.11842105 0.05263158
0.32894737 0.12500000 0.04605263
0.32894737 0.13157895 0.03947368
0.32894737 0.13815789 0.03289474
0.32894737 0.14473684 0.02631579
0.32894737 0.15131579 0.01973684
0.32894737 0.15789474 0.01315789
0.32894737 0.16447368 0.00657895
0.32894737 0.17105263 0.00000000
0.33552632 0.00000000 0.16447368
0.33552632 0.00657895 0.15789474
0.33552632 0.01315789 0.15131579
0.33552632 0.01973684 0.14473684
0.33552632 0.02631579 0.13815789
0.33552632 0.03289474 0.13157895
0.33552632 0.03947368 0.12500000
0.33552632 0.04605263 0.11842105
0.33552632 0.05263158 0.11184211
0.33552632 0.05921053 0.10526316
0.33552632 0.06578947 0.09868421
0.33552632 0.07236842 0.09210526
0.33552632 0.07894737 0.08552632
0.33552632 0.08552632 0.07894737
0.33552632 0.09210526 0.07236842
0.33552632 0.09868421 0.06578947
0.33552632 0.10526316 0.05921053
0.33552632 0.11184211 0.05263158
0.33552632 0.11842105 0.04605263
0.33552632 0.12500000 0.03947368
0.33552632 0.13157895 0.03289474
0.33552632 0.13815789 0.02631579
0.33552632 0.14473684 0.01973684
0.33552632 0.15131579 0.01315789
0.33552632 0.15789474 0.00657895
0.33552632 0.16447368 0.00000000
0.34210526 0.00000000 0.15789474
0.34210526 0.00657895 0.15131579
0.34210526 0.01315789 0.14473684
0.34210526 0.01973684 0.13815789
0.34210526 0.02631579 0.13157895
0.34210526 0.03289474 0.12500000
0.34210526 0.03947368 0.11842105
0.34210526 0.04605263 0.11184211
0.34210526 0.05263158 0.10526316
0.34210526 0.05921053 0.09868421
0.34210526 0.06578947 0.09210526
0.34210526 0.07236842 0.08552632
0.34210526 0.07894737 0.07894737
0.34210526 0.08552632 0.07236842
0.34210526 0.09210526 0.06578947
0.34210526 0.09868421 0.05921053
0.34210526 0.10526316 0.05263158
0.34210526 0.11184211 0.04605263
0.34210526 0.11842105 0.03947368
0.34210526 0.12500000 0.03289474
0.34210526 0.13157895 0.02631579
0.34210526 0.13815789 0.01973684
0.34210526 0.14473684 0.01315789
0.34210526 0.15131579 0.00657895
0.34210526 0.15789474 0.00000000
0.34868421 0.00000000 0.15131579
0.34868421 0.00657895 0.14473684
0.34868421 0.01315789 0.13815789
0.34868421 0.01973684 0.13157895
0.34868421 0.02631579 0.12500000
0.34868421 0.03289474 0.11842105
0.34868421 0.03947368 0.11184211
0.34868421 0.04605263 0.10526316
0.34868421 0.05263158 0.09868421
0.34868421 0.05921053 0.09210526
0.34868421 0.06578947 0.08552632
0.34868421 0.07236842 0.07894737
0.34868421 0.07894737 0.07236842
0.34868421 0.08552632 0.06578947
0.34868421 0.09210526 0.05921053
0.34868421 0.09868421 0.05263158
0.34868421 0.10526316 0.04605263
0.34868421 0.11184211 0.03947368
0.34868421 0.11842105 0.03289474
0.34868421 0.12500000 0.02631579
0.34868421 0.13157895 0.01973684
0.34868421 0.13815789 0.01315789
0.34868421 0.14473684 0.00657895
0.34868421 0.15131579 0.00000000
0.35526316 0.00000000 0.14473684
0.35526316 0.00657895 0.13815789
0.35526316 0.01315789 0.13157895
0.35526316 0.01973684 0.12500000
0.35526316 0.02631579 0.11842105
0.35526316 0.03289474 0.11184211
0.35526316 0.03947368 0.10526316
0.35526316 0.04605263 0.09868421
0.35526316 0.05263158 0.09210526
0.35526316 0.05921053 0.08552632
0.35526316 0.06578947 0.07894737
0.35526316 0.07236842 0.07236842
0.35526316 0.07894737 0.06578947
0.35526316 0.08552632 0.05921053
0.35526316 0.09210526 0.05263158
0.35526316 0.09868421 0.04605263
0.35526316 0.10526316 0.03947368
0.35526316 0.11184211 0.03289474
0.35526316 0.11842105 0.02631579
0.35526316 0.12500000 0.01973684
0.35526316 0.13157895 0.01315789
0.35526316 0.13815789 0.00657895
0.35526316 0.14473684 0.00000000
0.36184211 0.00000000 0.13815789
0.36184211 0.00657895 0.13157895
0.36184211 0.01315789 0.12500000
0.36184211 0.01973684 0.11842105
0.36184211 0.02631579 0.11184211
0.36184211 0.03289474 0.10526316
0.36184211 0.03947368 0.09868421
0.36184211 0.04605263 0.09210526
0.36184211 0.05263158 0.08552632
0.36184211 0.05921053 0.07894737
0.36184211 0.06578947 0.07236842
0.36184211 0.07236842 0.06578947
0.36184211 0.07894737 0.05921053
0.36184211 0.08552632 0.05263158
0.36184211 0.09210526 0.04605263
0.36184211 0.09868421 0.03947368
0.36184211 0.10526316 0.03289474
0.36184211 0.11184211 0.02631579
0.36184211 0.11842105 0.01973684
0.36184211 0.12500000 0.01315789
0.36184211 0.13157895 0.00657895
0.36184211 0.13815789 0.00000000
0.36842105 0.00000000 0.13157895
0.36842105 0.00657895 0.12500000
0.36842105 0.01315789 0.11842105
0.36842105 0.01973684 0.11184211
0.36842105 0.02631579 0.10526316
0.36842105 0.03289474 0.09868421
0.36842105 0.03947368 0.09210526
0.36842105 0.04605263 0.08552632
0.36842105 0.05263158 0.07894737
0.36842105 0.05921053 0.07236842
0.36842105 0.06578947 0.06578947
0.36842105 0.07236842 0.05921053
0.36842105 0.07894737 0.05263158
0.36842105 0.08552632 0.04605263
0.36842105 0.09210526 0.03947368
0.36842105 0.09868421 0.03289474
0.36842105 0.10526316 0.02631579
0.36842105 0.11184211 0.01973684
0.36842105 0.11842105 0.01315789
0.36842105 0.12500000 0.00657895
0.36842105 0.13157895 0.00000000
0.37500000 0.00000000 0.12500000
0.37500000 0.00657895 0.11842105
0.37500000 0.01315789 0.11184211
0.37500000 0.01973684 0.10526316
0.37500000 0.02631579 0.09868421
0.37500000 0.03289474 0.09210526
0.37500000 0.03947368 0.08552632
0.37500000 0.04605263 0.07894737
0.37500000 0.05263158 0.07236842
0.37500000 0.05921053 0.06578947
0.37500000 0.06578947 0.05921053
0.37500000 0.07236842 0.05263158
0.37500000 0.07894737 0.04605263
0.37500000 0.08552632 0.03947368
0.37500000 0.09210526 0.03289474
0.37500000 0.09868421 0.02631579
0.37500000 0.10526316 0.01973684
0.37500000 0.11184211 0.01315789
0.37500000 0.11842105 0.00657895
0.37500000 0.12500000 0.00000000
0.38157895 0.00000000 0.11842105
0.38157895 0.00657895 0.11184211
0.38157895 0.01315789 0.10526316
0.38157895 0.01973684 0.09868421
0.38157895 0.02631579 0.09210526
0.38157895 0.03289474 0.08552632
0.38157895 0.03947368 0.07894737
0.38157895 0.04605263 0.07236842
0.38157895 0.05263158 0.06578947
0.38157895 0.05921053 0.05921053
0.38157895 0.06578947 0.05263158
0.38157895 0.07236842 0.04605263
0.38157895 0.07894737 0.03947368
0.38157895 0.08552632 0.03289474
0.38157895 0.09210526 0.02631579
0.38157895 0.09868421 0.01973684
0.38157895 0.10526316 0.01315789
0.38157895 0.11184211 0.00657895
0.38157895 0.11842105 0.00000000
0.38815789 0.00000000 0.11184211
0.38815789 0.00657895 0.10526316
0.38815789 0.01315789 0.09868421
0.38815789 0.01973684 0.09210526
0.38815789 0.02631579 0.08552632
0.38815789 0.03289474 0.07894737
0.38815789 0.03947368 0.07236842
0.38815789 0.04605263 0.06578947
0.38815789 0.05263158 0.05921053
0.38815789 0.05921053 0.05263158
0.38815789 0.06578947 0.04605263
0.38815789 0.07236842 0.03947368
0.38815789 0.07894737 0.03289474
0.38815789 0.08552632 0.02631579
0.38815789 0.09210526 0.01973684
0.38815789 0.09868421 0.01315789
0.38815789 0.10526316 0.00657895
0.38815789 0.11184211 0.00000000
0.39473684 0.00000000 0.10526316
0.39473684 0.00657895 0.09868421
0.39473684 0.01315789 0.09210526
0.39473684 0.01973684 0.08552632
0.39473684 0.02631579 0.07894737
0.39473684 0.03289474 0.07236842
0.39473684 0.03947368 0.06578947
0.39473684 0.04605263 0.05921053
0.39473684 0.05263158 0.05263158
0.39473684 0.05921053 0.04605263
0.39473684 0.06578947 0.03947368
0.39473684 0.07236842 0.03289474
0.39473684 0.07894737 0.02631579
0.39473684 0.08552632 0.01973684
0.39473684 0.09210526 0.01315789
0.39473684 0.09868421 0.00657895
0.39473684 0.10526316 0.00000000
0.40131579 0.00000000 0.09868421
0.40131579 0.00657895 0.09210526
0.40131579 0.01315789 0.08552632
0.40131579 0.01973684 0.07894737
0.40131579 0.02631579 0.07236842
0.40131579 0.03289474 0.06578947
0.40131579 0.03947368 0.05921053
0.40131579 0.04605263 0.05263158
0.40131579 0.05263158 0.04605263
0.40131579 0.05921053 0.03947368
0.40131579 0.06578947 0.03289474
0.40131579 0.07236842 0.02631579
0.40131579 0.07894737 0.01973684
0.40131579 0.08552632 0.01315789
0.40131579 0.09210526 0.00657895
0.40131579 0.09868421 0.00000000
0.40789474 0.00000000 0.09210526
0.40789474 0.00657895 0.08552632
0.40789474 0.01315789 0.07894737
0.40789474 0.01973684 0.07236842
0.40789474 0.02631579 0.06578947
0.40789474 0.03289474 0.05921053
0.40789474 0.03947368 0.05263158
0.40789474 0.04605263 0.04605263
0.40789474 0.05263158 0.03947368
0.40789474 0.05921053 0.03289474
0.40789474 0.06578947 0.02631579
0.40789474 0.07236842 0.01973684
0.40789474 0.07894737 0.01315789
0.40789474 0.08552632 0.00657895
0.40789474 0.09210526 0.00000000
0.41447368 0.00000000 0.08552632
0.41447368 0.00657895 0.07894737
0.41447368 0.01315789 0.07236842
0.41447368 0.01973684 0.06578947
0.41447368 0.02631579 0.05921053
0.41447368 0.03289474 0.05263158
0.41447368 0.03947368 0.04605263
0.41447368 0.04605263 0.03947368
0.41447368 0.05263158 0.03289474
0.41447368 0.05921053 0.02631579
0.41447368 0.06578947 0.01973684
0.41447368 0.07236842 0.01315789
0.41447368 0.07894737 0.00657895
0.41447368 0.08552632 0.00000000
0.42105263 0.00000000 0.07894737
0.42105263 0.00657895 0.07236842
0.42105263 0.01315789 0.06578947
0.42105263 0.01973684 0.05921053
0.42105263 0.02631579 0.05263158
0.42105263 0.03289474 0.04605263
0.42105263 0.03947368 0.03947368
0.42105263 0.04605263 0.03289474
0.42105263 0.05263158 0.02631579
0.42105263 0.05921053 0.01973684
0.42105263 0.06578947 0.01315789
0.42105263 0.07236842 0.00657895
0.42105263 0.07894737 0.00000000
0.42763158 0.00000000 0.07236842
0.42763158 0.00657895 0.06578947
0.42763158 0.01315789 0.05921053
0.42763158 0.01973684 0.05263158
0.42763158 0.02631579 0.04605263
0.42763158 0.03289474 0.03947368
0.42763158 0.03947368 0.03289474
0.42763158 0.04605263 0.02631579
0.42763158 0.05263158 0.01973684
0.42763158 0.05921053 0.01315789
0.42763158 0.06578947 0.00657895
0.42763158 0.07236842 0.00000000
0.43421053 0.00000000 0.06578947
0.43421053 0.00657895 0.05921053
0.43421053 0.01315789 0.05263158
0.43421053 0.01973684 0.04605263
0.43421053 0.02631579 0.03947368
0.43421053 0.03289474 0.03289474
0.43421053 0.03947368 0.02631579
0.43421053 0.04605263 0.01973684
0.43421053 0.05263158 0.01315789
0.43421053 0.05921053 0.00657895
0.43421053 0.06578947 0.00000000
0.44078947 0.00000000 0.05921053
0.44078947 0.00657895 0.05263158
0.44078947 0.01315789 0.04605263
0.44078947 0.01973684 0.03947368
0.44078947 0.02631579 0.03289474
0.44078947 0.03289474 0.02631579
0.44078947 0.03947368 0.01973684
0.44078947 0.04605263 0.01315789
0.44078947 0.05263158 0.00657895
0.44078947 0.05921053 0.00000000
0.44736842 0.00000000 0.05263158
0.44736842 0.00657895 0.04605263
0.44736842 0.01315789 0.03947368
0.44736842 0.01973684 0.03289474
0.44736842 0.02631579 0.02631579
0.44736842 0.03289474 0.01973684
0.44736842 0.03947368 0.01315789
0.44736842 0.04605263 0.00657895
0.44736842 0.05263158 0.00000000
0.45394737 0.00000000 0.04605263
0.45394737 0.00657895 0.03947368
0.45394737 0.01315789 0.03289474
0.45394737 0.01973684 0.02631579
0.45394737 0.02631579 0.01973684
0.45394737 0.03289474 0.01315789
0.45394737 0.03947368 0.00657895
0.45394737 0.04605263 0.00000000
0.46052632 0.00000000 0.03947368
0.46052632 0.00657895 0.03289474
0.46052632 0.01315789 0.02631579
0.46052632 0.01973684 0.01973684
0.46052632 0.02631579 0.01315789
0.46052632 0.03289474 0.00657895
0.46052632 0.03947368 0.00000000
0.46710526 0.00000000 0.03289474
0.46710526 0.00657895 0.02631579
0.46710526 0.01315789 0.01973684
0.46710526 0.01973684 0.01315789
0.46710526 0.02631579 0.00657895
0.46710526 0.03289474 0.00000000
0.47368421 0.00000000 0.02631579
0.47368421 0.00657895 0.01973684
0.47368421 0.01315789 0.01315789
0.47368421 0.01973684 0.00657895
0.47368421 0.02631579 0.00000000
0.48026316 0.00000000 0.01973684
0.48026316 0.00657895 0.01315789
0.48026316 0.01315789 0.00657895
0.48026316 0.01973684 0.00000000
0.48684211 0.00000000 0.01315789
0.48684211 0.00657895 0.00657895
0.48684211 0.01315789 0.00000000
0.49342105 0.00000000 0.00657895
0.49342105 0.00657895 0.00000000
0.50000000 0.00000000 0.00000000
