0.00000000 0.00000000 6.00000000
0.02702456 0.00000000 5.99945223
0.05477397 0.00000000 5.99774944
0.08326109 0.00000000 5.99479844
0.11249767 0.00000000 5.99050069
0.14249410 0.00000000 5.98475220
0.17325923 0.00000000 5.97744353
0.20480009 0.00000000 5.96845979
0.23712162 0.00000000 5.95768076
0.27022641 0.00000000 5.94498101
0.30411437 0.00000000 5.93023019
0.33878243 0.00000000 5.91329334
0.37422422 0.00000000 5.89403140
0.41042969 0.00000000 5.87230170
0.44738482 0.00000000 5.84795874
0.48507125 0.00000000 5.82085500
0.52346594 0.00000000 5.79084197
0.56254087 0.00000000 5.75777126
0.60226274 0.00000000 5.72149599
0.64259269 0.00000000 5.68187220
0.68348613 0.00000000 5.63876054
0.72489252 0.00000000 5.59202803
0.76675534 0.00000000 5.54154998
0.80901203 0.00000000 5.48721203
0.85159407 0.00000000 5.42891221
0.89442719 0.00000000 5.36656315
0.93743161 0.00000000 5.30009412
0.98052248 0.00000000 5.22945322
1.02361035 0.00000000 5.15460926
1.06660185 0.00000000 5.07555362
1.10940039 0.00000000 4.99230177
1.15190706 0.00000000 4.90489460
1.19402154 0.00000000 4.81339933
1.23564310 0.00000000 4.71791003
1.27667174 0.00000000 4.61854776
1.31700922 0.00000000 4.51546017
1.35656021 0.00000000 4.40882067
1.39523337 0.00000000 4.29882713
1.43294238 0.00000000 4.18570010
1.46960689 0.00000000 4.06968062
1.50515339 0.00000000 3.95102765
1.53951592 0.00000000 3.83001522
1.57263668 0.00000000 3.70692931
1.60446644 0.00000000 3.58206462
1.63496487 0.00000000 3.45572119
1.66410059 0.00000000 3.32820118
1.69185121 0.00000000 3.19980554
1.71820309 0.00000000 3.07083105
1.74315107 0.00000000 2.94156744
1.76669804 0.00000000 2.81229484
1.78885438 0.00000000 2.68328157
1.80963740 0.00000000 2.55478222
1.82907068 0.00000000 2.42703609
1.84718333 0.00000000 2.30026603
1.86400934 0.00000000 2.17467757
1.87958685 0.00000000 2.05045838
1.89395740 0.00000000 1.92777807
1.90716533 0.00000000 1.80678821
1.91925709 0.00000000 1.68762261
1.93028066 0.00000000 1.57039782
1.94028500 0.00000000 1.45521375
1.94931958 0.00000000 1.34215446
1.95743390 0.00000000 1.23128907
1.96467713 0.00000000 1.12267265
1.97109778 0.00000000 1.01634729
1.97674340 0.00000000 0.91234311
1.98166034 0.00000000 0.81067923
1.98589359 0.00000000 0.71136487
1.98948660 0.00000000 0.61440027
1.99248118 0.00000000 0.51977770
1.99491740 0.00000000 0.42748230
1.99683356 0.00000000 0.33749300
1.99826615 0.00000000 0.24978327
1.99924981 0.00000000 0.16432190
1.99981741 0.00000000 0.08107368
2.00000000 0.00000000 0.00000000
0.00000000 0.05404912 5.99945223
0.02739212 0.05478424 5.99887440
0.05552878 0.05552878 5.99710857
0.08442335 0.05628223 5.99405764
0.11408798 0.05704399 5.98961884
0.14453342 0.05781337 5.98368368
0.17576876 0.05858959 5.97613792
0.20780115 0.05937176 5.96686156
0.24063552 0.06015888 5.95572901
0.27427427 0.06094984 5.94260920
0.30871698 0.06174340 5.92736593
0.34396000 0.06253818 5.90985819
0.37999617 0.06333270 5.88994069
0.41681442 0.06412529 5.86746449
0.45439938 0.06491420 5.84227778
0.49273109 0.06569748 5.81422681
0.53178455 0.06647307 5.78315699
0.57152948 0.06723876 5.74891417
0.61192994 0.06799222 5.71134609
0.65294409 0.06873096 5.67030398
0.69452400 0.06945240 5.62564437
0.73661542 0.07015385 5.57723103
0.77915779 0.07083253 5.52493705
0.82208419 0.07148558 5.46864703
0.86532149 0.07211012 5.40825931
0.90879053 0.07270324 5.34368833
0.95240651 0.07326204 5.27486683
0.99607942 0.07378366 5.20174808
1.03971465 0.07426533 5.12430791
1.08321371 0.07470439 5.04254657
1.12647506 0.07509834 4.95649028
1.16939509 0.07544484 4.86619248
1.21186911 0.07574182 4.77173463
1.25379251 0.07598743 4.67322664
1.29506191 0.07618011 4.57080674
1.33557632 0.07631865 4.46464084
1.37523836 0.07640213 4.35492148
1.41395538 0.07643002 4.24186613
1.45164049 0.07640213 4.12571509
1.48821361 0.07631865 4.00672896
1.52360225 0.07618011 3.88518572
1.55774221 0.07598743 3.76137754
1.59057821 0.07574182 3.63560734
1.62206416 0.07544484 3.50818528
1.65216343 0.07509834 3.37942519
1.68084886 0.07470439 3.24964112
1.70810264 0.07426533 3.11914394
1.73391603 0.07378366 2.98823826
1.75828894 0.07326204 2.85721953
1.78122944 0.07270324 2.72637160
1.80275310 0.07211012 2.59596447
1.82288234 0.07148558 2.46625258
1.84164568 0.07083253 2.33747337
1.85907701 0.07015385 2.20984626
1.87521479 0.06945240 2.08357199
1.89010133 0.06873096 1.95883228
1.90378203 0.06799222 1.83578981
1.91630472 0.06723876 1.71458844
1.92771900 0.06647307 1.59535365
1.93807560 0.06569748 1.47819326
1.94742593 0.06491420 1.36319815
1.95582150 0.06412529 1.25044325
1.96331356 0.06333270 1.13998852
1.96995273 0.06253818 1.03188000
1.97578864 0.06174340 0.92615093
1.98086973 0.06094984 0.82282281
1.98524300 0.06015888 0.72190655
1.98895385 0.05937176 0.62340345
1.99204597 0.05858959 0.52730629
1.99456123 0.05781337 0.43360027
1.99653961 0.05704399 0.34226393
1.99801921 0.05628223 0.25327004
1.99903619 0.05552878 0.16658635
1.99962480 0.05478424 0.08217636
1.99981741 0.05404912 0.00000000
0.00000000 0.10954793 5.99774944
0.02776439 0.11105757 5.99710857
0.05629338 0.11258675 5.99524470
0.08560081 0.11413441 5.99205662
0.11569927 0.11569927 5.98743717
0.14659983 0.11727987 5.98127316
0.17831180 0.11887453 5.97344532
0.21084242 0.12048138 5.96382837
0.24419656 0.12209828 5.95229110
0.27837640 0.12372285 5.93869663
0.31338109 0.12535244 5.92290265
0.34920635 0.12698413 5.90476190
0.38584411 0.12861470 5.88412270
0.42328214 0.13024066 5.86082965
0.46150363 0.13185818 5.83472448
0.50048682 0.13346315 5.80564713
0.54020462 0.13505116 5.77343688
0.58062426 0.13661747 5.73793382
0.62170695 0.13815710 5.69898040
0.66340766 0.13966477 5.65642320
0.70567483 0.14113497 5.61011491
0.74845029 0.14256196 5.55991643
0.79166915 0.14393985 5.50569910
0.83525989 0.14526259 5.44734711
0.87914447 0.14652408 5.38475989
0.92323864 0.14771818 5.31785457
0.96745233 0.14883882 5.24656838
1.01169018 0.14988003 5.17086093
1.05585228 0.15083604 5.09071634
1.09983491 0.15170137 5.00614509
1.14353153 0.15247087 4.91718559
1.18683384 0.15313985 4.82390529
1.22963289 0.15370411 4.72640143
1.27182032 0.15416004 4.62480116
1.31328960 0.15450466 4.51926128
1.35393732 0.15473569 4.40996728
1.39366441 0.15485160 4.29713193
1.43237731 0.15485160 4.18099323
1.46998909 0.15473569 4.06181197
1.50642043 0.15450466 3.93986881
1.54160039 0.15416004 3.81546095
1.57546714 0.15370411 3.68889867
1.60796843 0.15313985 3.56050153
1.63906186 0.15247087 3.43059460
1.66871503 0.15170137 3.29950472
1.69690545 0.15083604 3.16755683
1.72362031 0.14988003 3.03507054
1.74885613 0.14883882 2.90235698
1.77261819 0.14771818 2.76971592
1.79491996 0.14652408 2.63743341
1.81578237 0.14526259 2.50577967
1.83523303 0.14393985 2.37500745
1.85330548 0.14256196 2.24535087
1.87003830 0.14113497 2.11702450
1.88547440 0.13966477 1.99022298
1.89966013 0.13815710 1.86512086
1.91264461 0.13661747 1.74187277
1.92447896 0.13505116 1.62061386
1.93521571 0.13346315 1.50146046
1.94490816 0.13185818 1.38451089
1.95360988 0.13024066 1.26984642
1.96137423 0.12861470 1.15753233
1.96825397 0.12698413 1.04761905
1.97430088 0.12535244 0.94014328
1.97956554 0.12372285 0.83512921
1.98409703 0.12209828 0.73258967
1.98794279 0.12048138 0.63252725
1.99114844 0.11887453 0.53493540
1.99375772 0.11727987 0.43979950
1.99581239 0.11569927 0.34709781
1.99735221 0.11413441 0.25680243
1.99841490 0.11258675 0.16888013
1.99903619 0.11105757 0.08329317
1.99924981 0.10954793 0.00000000
0.00000000 0.16652218 5.99479844
0.02814112 0.16884669 5.99405764
0.05706721 0.17120162 5.99205662
0.08679261 0.17358521 5.98868991
0.11733031 0.17599546 5.98384575
0.14869169 0.17843003 5.97740606
0.18088625 0.18088625 5.96924634
0.21392128 0.18336110 5.95923579
0.24780156 0.18585117 5.94723743
0.28252897 0.18835264 5.93310828
0.31810214 0.19086128 5.91669977
0.35451607 0.19337240 5.89785819
0.39176169 0.19588084 5.87642528
0.42982547 0.19838098 5.85223904
0.46868900 0.20086671 5.82513467
0.50832857 0.20333143 5.79494567
0.54871479 0.20576804 5.76150524
0.58981219 0.20816901 5.72464776
0.63157895 0.21052632 5.68421053
0.67396653 0.21283154 5.64003574
0.71691956 0.21507587 5.59197259
0.76037563 0.21725018 5.53987956
0.80426528 0.21934508 5.48362688
0.84851210 0.22135098 5.42309906
0.89303292 0.22325823 5.35819749
0.93773813 0.22505715 5.28884304
0.98253219 0.22673820 5.21497856
1.02731426 0.22829206 5.13657131
1.07197895 0.22970978 5.05361507
1.11641728 0.23098289 4.96613205
1.16051771 0.23210354 4.87417437
1.20416729 0.23306464 4.77782505
1.24725296 0.23385993 4.67719861
1.28966284 0.23448415 4.57244098
1.33128756 0.23493310 4.46372887
1.37202162 0.23520371 4.35126858
1.41176471 0.23529412 4.23529412
1.45042286 0.23520371 4.11606487
1.48790962 0.23493310 3.99386267
1.52414699 0.23448415 3.86898852
1.55906620 0.23385993 3.74175889
1.59260835 0.23306464 3.61250187
1.62472479 0.23210354 3.48155312
1.65537735 0.23098289 3.34925185
1.68453836 0.22970978 3.21593686
1.71219044 0.22829206 3.08194279
1.73832619 0.22673820 2.94759658
1.76294768 0.22505715 2.81321438
1.78606583 0.22325823 2.67909875
1.80769969 0.22135098 2.54553629
1.82787563 0.21934508 2.41279583
1.84662652 0.21725018 2.28112688
1.86399086 0.21507587 2.15075869
1.88001191 0.21283154 2.02189960
1.89473684 0.21052632 1.89473684
1.90821592 0.20816901 1.76943658
1.92050175 0.20576804 1.64614436
1.93164856 0.20333143 1.52498570
1.94171156 0.20086671 1.40606699
1.95074635 0.19838098 1.28947640
1.95880843 0.19588084 1.17528506
1.96595273 0.19337240 1.06354820
1.97223326 0.19086128 0.95430641
1.97770276 0.18835264 0.84758690
1.98241248 0.18585117 0.74340468
1.98641193 0.18336110 0.64176385
1.98974878 0.18088625 0.54265876
1.99246869 0.17843003 0.44607508
1.99461525 0.17599546 0.35199093
1.99622997 0.17358521 0.26037782
1.99735221 0.17120162 0.17120162
1.99801921 0.16884669 0.08442335
1.99826615 0.16652218 0.00000000
0.00000000 0.22499533 5.99050069
0.02852199 0.22817596 5.98961884
0.05784963 0.23139854 5.98743717
0.08799773 0.23466062 5.98384575
0.11897966 0.23795933 5.97872805
0.15080709 0.24129135 5.97196087
0.18348967 0.24465289 5.96341429
0.21703470 0.24803966 5.95295180
0.25144679 0.25144679 5.94043039
0.28672746 0.25486885 5.92570084
0.32287476 0.25829981 5.90860810
0.35988283 0.26173297 5.88899183
0.39774150 0.26516100 5.86668706
0.43643578 0.26857586 5.84152506
0.47594551 0.27196886 5.81333441
0.51624484 0.27533058 5.78194222
0.55730188 0.27865094 5.74717559
0.59907825 0.28191918 5.70886335
0.64152882 0.28512392 5.66683790
0.68460134 0.28825320 5.62093735
0.72823632 0.29129453 5.57100786
0.77236685 0.29423499 5.51690610
0.81691865 0.29706133 5.45850190
0.86181015 0.29976005 5.39568097
0.90695279 0.30231760 5.32834766
0.95225140 0.30472045 5.25642775
0.99760479 0.30695532 5.17987101
1.04290645 0.30900932 5.09865375
1.08804548 0.31087014 5.01278095
1.13290758 0.31252623 4.92228811
1.17737626 0.31396700 4.82724268
1.22133409 0.31518299 4.72774487
1.26466408 0.31616602 4.62392806
1.30725111 0.31690936 4.51595836
1.34898332 0.31740784 4.40403378
1.38975360 0.31765796 4.28838252
1.42946084 0.31765796 4.16926079
1.46801126 0.31740784 4.04694996
1.50531945 0.31690936 3.92175332
1.54130935 0.31616602 3.79399225
1.57591496 0.31518299 3.66400228
1.60908089 0.31396700 3.53212879
1.64076270 0.31252623 3.39872274
1.67092698 0.31087014 3.26413643
1.69955125 0.30900932 3.12871935
1.72662367 0.30695532 2.99281436
1.75214258 0.30472045 2.85675421
1.77611589 0.30231760 2.72085838
1.79856032 0.29976005 2.58543046
1.81950063 0.29706133 2.45075596
1.83896870 0.29423499 2.31710056
1.85700262 0.29129453 2.18470897
1.87364578 0.28825320 2.05380403
1.88894597 0.28512392 1.92458646
1.90295445 0.28191918 1.79723476
1.91572520 0.27865094 1.67190563
1.92731407 0.27533058 1.54873452
1.93777814 0.27196886 1.42783652
1.94717502 0.26857586 1.30930734
1.95556235 0.26516100 1.19322449
1.96299728 0.26173297 1.07964850
1.96953603 0.25829981 0.96862428
1.97523361 0.25486885 0.86018238
1.98014346 0.25144679 0.75434037
1.98431727 0.24803966 0.65110410
1.98780476 0.24465289 0.55046901
1.99065362 0.24129135 0.45242128
1.99290935 0.23795933 0.35693899
1.99461525 0.23466062 0.26399319
1.99581239 0.23139854 0.17354890
1.99653961 0.22817596 0.08556598
1.99683356 0.22499533 0.00000000
0.00000000 0.28498820 5.98475220
0.02890668 0.28906684 5.98368368
0.05863993 0.29319966 5.98127316
0.08921502 0.29738339 5.97740606
0.12064567 0.30161419 5.97196087
0.15294382 0.30588765 5.96480908
0.18611922 0.31019871 5.95581518
0.22017914 0.31454162 5.94483670
0.25512793 0.31890992 5.93172443
0.29096669 0.32329632 5.91632270
0.32769277 0.32769277 5.89846983
0.36529935 0.33209032 5.87799868
0.40377500 0.33647916 5.85473746
0.44310315 0.34084858 5.82851065
0.48326168 0.34518692 5.79914018
0.52422243 0.34948162 5.76644677
0.56595078 0.35371924 5.73025161
0.60840521 0.35788542 5.69037815
0.65153702 0.36196501 5.64665419
0.69529000 0.36594211 5.59891424
0.73960026 0.36980013 5.54700196
0.78439613 0.37352197 5.49077293
0.82959822 0.37709010 5.43009743
0.87511956 0.38048676 5.36486337
0.92086596 0.38369415 5.29497925
0.96673649 0.38669460 5.22037704
1.01262415 0.38947083 5.14101489
1.05841668 0.39200618 5.05687970
1.10399761 0.39428486 4.96798925
1.14924738 0.39629220 4.87439405
1.19404463 0.39801488 4.77617851
1.23826764 0.39944117 4.67346173
1.28179577 0.40056118 4.56639744
1.32451102 0.40136698 4.45517343
1.36629950 0.40185279 4.34001018
1.40705294 0.40201513 4.22115882
1.44667006 0.40185279 4.09889850
1.48505781 0.40136698 3.97353306
1.52213248 0.40056118 3.84538732
1.55782058 0.39944117 3.71480291
1.59205950 0.39801488 3.58213388
1.62479802 0.39629220 3.44774213
1.65599642 0.39428486 3.31199284
1.68562657 0.39200618 3.17525004
1.71367163 0.38947083 3.03787244
1.74012568 0.38669460 2.90020947
1.76499308 0.38369415 2.76259787
1.78828779 0.38048676 2.62535867
1.81003248 0.37709010 2.48879465
1.83025764 0.37352197 2.35318840
1.84900065 0.36980013 2.21880078
1.86630475 0.36594211 2.08587001
1.88221806 0.36196501 1.95461107
1.89679272 0.35788542 1.82521563
1.91008387 0.35371924 1.69785233
1.92214892 0.34948162 1.57266730
1.93304673 0.34518692 1.44978504
1.94283688 0.34084858 1.32930945
1.95157915 0.33647916 1.21132499
1.95933289 0.33209032 1.09589806
1.96615661 0.32769277 0.98307830
1.97210757 0.32329632 0.87290007
1.97724148 0.31890992 0.76538380
1.98161223 0.31454162 0.66053741
1.98527173 0.31019871 0.55835767
1.98826969 0.30588765 0.45883147
1.99065362 0.30161419 0.36193702
1.99246869 0.29738339 0.26764505
1.99375772 0.29319966 0.17591980
1.99456123 0.28906684 0.08672005
1.99491740 0.28498820 0.00000000
0.00000000 0.34651847 5.97744353
0.02929479 0.35153752 5.97613792
0.05943727 0.35662360 5.97344532
0.09044313 0.36177251 5.96924634
0.12232645 0.36697934 5.96341429
0.15509935 0.37223845 5.95581518
0.18877167 0.37754334 5.94630765
0.22335055 0.38288665 5.93474312
0.25884004 0.38826006 5.92096599
0.29524070 0.39365427 5.90481398
0.33254907 0.39905889 5.88611859
0.37075726 0.40446247 5.86470581
0.40985242 0.40985242 5.84039692
0.44981622 0.41521497 5.81300959
0.49062441 0.42053521 5.78235912
0.53224630 0.42579704 5.74825999
0.57464429 0.43098322 5.71052763
0.61777351 0.43607542 5.66898042
0.66158142 0.44105428 5.62344203
0.70600756 0.44589951 5.57374386
0.75098338 0.45059003 5.51972781
0.79643217 0.45510410 5.46124919
0.84226918 0.45941955 5.39817973
0.88840179 0.46351398 5.33041074
0.93472998 0.46736499 5.25785614
0.98114689 0.47095050 5.18045555
1.02753957 0.47424903 5.09817709
1.07378998 0.47723999 5.01101988
1.11977607 0.47990403 4.91901630
1.16537310 0.48222335 4.82223353
1.21045507 0.48418203 4.72077475
1.25489619 0.48576627 4.61477953
1.29857254 0.48696470 4.50442352
1.34136367 0.48776861 4.38991748
1.38315416 0.48817206 4.27150550
1.42383517 0.48817206 4.14946248
1.46330583 0.48776861 4.02409102
1.50147451 0.48696470 3.89571763
1.53825984 0.48576627 3.76468856
1.57359158 0.48418203 3.63136520
1.60741118 0.48222335 3.49611931
1.63967210 0.47990403 3.35932820
1.67033996 0.47723999 3.22136993
1.69939236 0.47424903 3.08261870
1.72681852 0.47095050 2.94344066
1.75261871 0.46736499 2.80418994
1.77680358 0.46351398 2.66520537
1.79939324 0.45941955 2.52680754
1.82041640 0.45510410 2.38929652
1.83990927 0.45059003 2.25295013
1.85791462 0.44589951 2.11802267
1.87448068 0.44105428 1.98474425
1.88966014 0.43607542 1.85332052
1.90350921 0.43098322 1.72393287
1.91608666 0.42579704 1.59673889
1.92745304 0.42053521 1.47187323
1.93766986 0.41521497 1.34944866
1.94679897 0.40985242 1.22955725
1.95490194 0.40446247 1.11227179
1.96203953 0.39905889 0.99764722
1.96827133 0.39365427 0.88572210
1.97365533 0.38826006 0.77652013
1.97824771 0.38288665 0.67005164
1.98210255 0.37754334 0.56631501
1.98527173 0.37223845 0.46529806
1.98780476 0.36697934 0.36697934
1.98974878 0.36177251 0.27132938
1.99114844 0.35662360 0.17831180
1.99204597 0.35153752 0.08788438
1.99248118 0.34651847 0.00000000
0.00000000 0.40960018 5.96845979
0.02968588 0.41560230 5.96686156
0.06024069 0.42168483 5.96382837
0.09168055 0.42784257 5.95923579
0.12401983 0.43406940 5.95295180
0.15727081 0.44035827 5.94483670
0.19144333 0.44670109 5.93474312
0.22654433 0.45308867 5.92251618
0.26257750 0.45951062 5.90799374
0.29954271 0.46595533 5.89100672
0.33743562 0.47240986 5.87137973
0.37624707 0.47885991 5.84893178
0.41596266 0.48528977 5.82347720
0.45656212 0.49168228 5.79482687
0.49801885 0.49801885 5.76278958
0.54029941 0.50427945 5.72717373
0.58336301 0.51044263 5.68778930
0.62716112 0.51648562 5.64445004
0.67163712 0.52238442 5.59697596
0.71672602 0.52811391 5.54519608
0.76235436 0.53364805 5.48895136
0.80844010 0.53896007 5.42809783
0.85489287 0.54402274 5.36250985
0.90161421 0.54880865 5.29208340
0.94849806 0.55329054 5.21673934
0.99543150 0.55744164 5.13642653
1.04229558 0.56123608 5.05112473
1.08896644 0.56464926 4.96084711
1.13531656 0.56765828 4.86564240
1.18121618 0.57024230 4.76559633
1.22653487 0.57238294 4.66083252
1.27114317 0.57406466 4.55151264
1.31491429 0.57527500 4.43783571
1.35772581 0.57600489 4.32003668
1.39946138 0.57624881 4.19838415
1.44001223 0.57600489 4.07317744
1.47927857 0.57527500 3.94474286
1.51717088 0.57406466 3.81342951
1.55361084 0.57238294 3.67960462
1.58853211 0.57024230 3.54364855
1.62188080 0.56765828 3.40594968
1.65361570 0.56464926 3.26689932
1.68370824 0.56123608 3.12688673
1.71214218 0.55744164 2.98629450
1.73891311 0.55329054 2.84549419
1.76402780 0.54880865 2.70484263
1.78750328 0.54402274 2.56467862
1.80936594 0.53896007 2.42532031
1.82965045 0.53364805 2.28706307
1.84839869 0.52811391 2.15017807
1.86565865 0.52238442 2.01491135
1.88148335 0.51648562 1.88148335
1.89592977 0.51044263 1.75008902
1.90905791 0.50427945 1.62089823
1.92092986 0.49801885 1.49405656
1.93160896 0.49168228 1.36968635
1.94115907 0.48528977 1.24788797
1.94964393 0.47885991 1.12874122
1.95712658 0.47240986 1.01230685
1.96366891 0.46595533 0.89862814
1.96933125 0.45951062 0.78773250
1.97417206 0.45308867 0.67963300
1.97824771 0.44670109 0.57432998
1.98161223 0.44035827 0.47181244
1.98431727 0.43406940 0.37205949
1.98641193 0.42784257 0.27504165
1.98794279 0.42168483 0.18072207
1.98895385 0.41560230 0.08905764
1.98948660 0.40960018 0.00000000
0.00000000 0.47424324 5.95768076
0.03007944 0.48127103 5.95572901
0.06104914 0.48839312 5.95229110
0.09292558 0.49560312 5.94723743
0.12572339 0.50289358 5.94043039
0.15945496 0.51025586 5.93172443
0.19413003 0.51768009 5.92096599
0.22975531 0.52515500 5.90799374
0.26633396 0.53266791 5.89263880
0.30386510 0.54020462 5.87472524
0.34234331 0.54774930 5.85407068
0.38175808 0.55528449 5.83048711
0.42209323 0.56279098 5.80378195
0.46332637 0.57024784 5.77375937
0.50542834 0.57763239 5.74022183
0.54836269 0.58492020 5.70297195
0.59208519 0.59208519 5.66181465
0.63654342 0.59909969 5.61655956
0.68167638 0.60593456 5.56702374
0.72741429 0.61255940 5.51303462
0.77367847 0.61894278 5.45443322
0.82038135 0.62505246 5.39107746
0.86742669 0.63085578 5.32284563
0.91470998 0.63631999 5.24963988
0.96211900 0.64141266 5.17138960
1.00953465 0.64610218 5.08805464
1.05683199 0.65035814 4.99962824
1.10388139 0.65415193 4.90613950
1.15055000 0.65745714 4.80765536
1.19670329 0.66025009 4.70428190
1.24220674 0.66251026 4.59616493
1.28692761 0.66422070 4.48348975
1.33073677 0.66536839 4.36648003
1.37351045 0.66594446 4.24539595
1.41513198 0.66594446 4.12053136
1.45549334 0.66536839 3.99221031
1.49449658 0.66422070 3.86078284
1.53205498 0.66251026 3.72662022
1.56809397 0.66025009 3.59010987
1.60255179 0.65745714 3.45165000
1.63537983 0.65415193 3.31164416
1.66654275 0.65035814 3.17049596
1.69601821 0.64610218 3.02860395
1.72379653 0.64141266 2.88635699
1.74987996 0.63631999 2.74412994
1.77428188 0.63085578 2.60228008
1.79702582 0.62505246 2.46114406
1.81814441 0.61894278 2.32103541
1.83767821 0.61255940 2.18224287
1.85567458 0.60593456 2.04502913
1.87218652 0.59909969 1.90963025
1.88727155 0.59208519 1.77625558
1.90099065 0.58492020 1.64508806
1.91340728 0.57763239 1.51628501
1.92458646 0.57024784 1.38997911
1.93459398 0.56279098 1.26627970
1.94349570 0.55528449 1.14527425
1.95135689 0.54774930 1.02702994
1.95824175 0.54020462 0.91159530
1.96421293 0.53266791 0.79900187
1.96933125 0.52515500 0.68926594
1.97365533 0.51768009 0.58239010
1.97724148 0.51025586 0.47836487
1.98014346 0.50289358 0.37717018
1.98241248 0.49560312 0.27877675
1.98409703 0.48839312 0.18314742
1.98524300 0.48127103 0.09023832
1.98589359 0.47424324 0.00000000
0.00000000 0.54045282 5.94498101
0.03047492 0.54854854 5.94260920
0.06186142 0.55675281 5.93869663
0.09417632 0.56505793 5.93310828
0.12743443 0.57345492 5.92570084
0.16164816 0.58193338 5.91632270
0.19682713 0.59048140 5.90481398
0.23297767 0.59908543 5.89100672
0.27010231 0.60773020 5.87472524
0.30819930 0.61639860 5.85578667
0.34726200 0.62507160 5.83400157
0.38727833 0.63372818 5.80917497
0.42823018 0.64234527 5.78110746
0.47009281 0.65089774 5.74959669
0.51283428 0.65935835 5.71443906
0.55641488 0.66769786 5.67543182
0.60078670 0.67588504 5.63237532
0.64589311 0.68388683 5.58507575
0.69166850 0.69166850 5.53334801
0.73803802 0.69919391 5.47701896
0.78491751 0.70642576 5.41593081
0.83221362 0.71332596 5.34994468
0.87982405 0.71985604 5.27894432
0.92763808 0.72597763 5.20283965
0.97553722 0.73165291 5.12157039
1.02339619 0.73684526 5.03510924
1.07108405 0.74151973 4.94346485
1.11846558 0.74564372 4.84668417
1.16540281 0.74918752 4.74485429
1.21175675 0.75212488 4.63810344
1.25738923 0.75443354 4.52660122
1.30216473 0.75609565 4.41055797
1.34595237 0.75709821 4.29022319
1.38862769 0.75743328 4.16588306
1.43007440 0.75709821 4.03785712
1.47018599 0.75609565 3.90649420
1.50886707 0.75443354 3.77216768
1.54603448 0.75212488 3.63527026
1.58161810 0.74918752 3.49620843
1.61556139 0.74564372 3.35539674
1.64782162 0.74151973 3.21325215
1.67836975 0.73684526 3.07018856
1.70719013 0.73165291 2.92661165
1.73427988 0.72597763 2.78291423
1.75964811 0.71985604 2.63947216
1.78331489 0.71332596 2.49664085
1.80531027 0.70642576 2.35475252
1.82567299 0.69919391 2.21411405
1.84444934 0.69166850 2.07500550
1.86169192 0.68388683 1.93767934
1.87745844 0.67588504 1.80236010
1.89181061 0.66769786 1.66924465
1.90481302 0.65935835 1.53850283
1.91653223 0.65089774 1.41027843
1.92703582 0.64234527 1.28469055
1.93639166 0.63372818 1.16183499
1.94466719 0.62507160 1.04178599
1.95192889 0.61639860 0.92459789
1.95824175 0.60773020 0.81030693
1.96366891 0.59908543 0.69893300
1.96827133 0.59048140 0.59048140
1.97210757 0.58193338 0.48494448
1.97523361 0.57345492 0.38230328
1.97770276 0.56505793 0.28252897
1.97956554 0.55675281 0.18558427
1.98086973 0.54854854 0.09142476
1.98166034 0.54045282 0.00000000
0.00000000 0.60822874 5.93023019
0.03087170 0.61743395 5.92736593
0.06267622 0.62676219 5.92290265
0.09543064 0.63620428 5.91669977
0.12914990 0.64574952 5.90860810
0.16384638 0.65538554 5.89846983
0.19952944 0.66509815 5.88611859
0.23620493 0.67487123 5.87137973
0.27387465 0.68468663 5.85407068
0.31253580 0.69452400 5.83400157
0.35218036 0.70436073 5.81097598
0.39279452 0.71417186 5.78479204
0.43435801 0.72393002 5.75524370
0.47684353 0.73360543 5.72212235
0.52021609 0.74316585 5.68521874
0.56443252 0.75257669 5.64432521
0.60944090 0.76180112 5.59923825
0.65518016 0.77080019 5.54976139
0.70157979 0.77953310 5.49570837
0.74855961 0.78795748 5.43690661
0.79602975 0.79602975 5.37320083
0.84389087 0.80370559 5.30445688
0.89203444 0.81094040 5.23056558
0.94034340 0.81768992 5.15144647
0.98869297 0.82391081 5.06705147
1.03695169 0.82956136 4.97736813
1.08498278 0.83460214 4.88242252
1.13264560 0.83899674 4.78228142
1.17979739 0.84271242 4.67705394
1.22629512 0.84572078 4.56689219
1.27199746 0.84799830 4.45199110
1.31676672 0.84952692 4.33258729
1.36047093 0.85029433 4.20895695
1.40298565 0.85029433 4.08141280
1.44419576 0.84952692 3.95030017
1.48399703 0.84799830 3.81599237
1.52229740 0.84572078 3.67888537
1.55901798 0.84271242 3.53939217
1.59409381 0.83899674 3.39793680
1.62747417 0.83460214 3.25494834
1.65912271 0.82956136 3.11085508
1.68901716 0.82391081 2.96607891
1.71714882 0.81768992 2.82103021
1.74352186 0.81094040 2.67610332
1.76815229 0.80370559 2.53167260
1.79106694 0.79602975 2.38808926
1.81230220 0.78795748 2.24567882
1.83190279 0.77953310 2.10473938
1.84992046 0.77080019 1.96554049
1.86641275 0.76180112 1.82832269
1.88144174 0.75257669 1.69329756
1.89507291 0.74316585 1.56064828
1.90737412 0.73360543 1.43053059
1.91841457 0.72393002 1.30307404
1.92826401 0.71417186 1.17838356
1.93699199 0.70436073 1.05654109
1.94466719 0.69452400 0.93760740
1.95135689 0.68468663 0.82162396
1.95712658 0.67487123 0.70861479
1.96203953 0.66509815 0.59858833
1.96615661 0.65538554 0.49153915
1.96953603 0.64574952 0.38744971
1.97223326 0.63620428 0.28629192
1.97430088 0.62676219 0.18802866
1.97578864 0.61743395 0.09261509
1.97674340 0.60822874 0.00000000
0.00000000 0.67756486 5.91329334
0.03126909 0.68792000 5.90985819
0.06349206 0.69841270 5.90476190
0.09668620 0.70903213 5.89785819
0.13086649 0.71976567 5.88899183
0.16604516 0.73059871 5.87799868
0.20223123 0.74151453 5.86470581
0.23942996 0.75249415 5.84893178
0.27764224 0.76351617 5.83048711
0.31686409 0.77455666 5.80917497
0.35708593 0.78558904 5.78479204
0.39829199 0.79658399 5.75712973
0.44045966 0.80750938 5.72597563
0.48355881 0.81833030 5.69111525
0.52755119 0.82900901 5.65233419
0.57238985 0.83950512 5.60942054
0.61801864 0.84977562 5.56216773
0.66437177 0.85977523 5.51037759
0.71137355 0.86945656 5.45386386
0.75893823 0.87877058 5.39245584
0.80697004 0.88766705 5.32600229
0.85536344 0.89609504 5.25437544
0.90400357 0.90400357 5.17747500
0.95276697 0.91134232 5.09523208
1.00152257 0.91806235 5.00761284
1.05013285 0.92411691 4.91462174
1.09845537 0.92946223 4.81630430
1.14634439 0.93405839 4.71274915
1.19365276 0.93787002 4.60408921
1.24023391 0.94086711 4.49050209
1.28594394 0.94302556 4.37220939
1.33064369 0.94432778 4.24947500
1.37420080 0.94476305 4.12260241
1.41649167 0.94432778 3.99193106
1.45740313 0.94302556 3.85783182
1.49683403 0.94086711 3.72070173
1.53469640 0.93787002 3.58095827
1.57091638 0.93405839 3.43903316
1.60543477 0.92946223 3.29536610
1.63820725 0.92411691 3.15039855
1.66920428 0.91806235 3.00456770
1.69841069 0.91134232 2.85830092
1.72582500 0.90400357 2.71201071
1.75145848 0.89609504 2.56609033
1.77533410 0.88766705 2.42091013
1.79748528 0.87877058 2.27681469
1.81795462 0.86945656 2.13412064
1.83679253 0.85977523 1.99311530
1.85405591 0.84977562 1.85405591
1.86980685 0.83950512 1.71716955
1.88411140 0.82900901 1.58265357
1.89703842 0.81833030 1.45067644
1.90865854 0.80750938 1.32137899
1.91904324 0.79658399 1.19487598
1.92826401 0.78558904 1.07125779
1.93639166 0.77455666 0.95059227
1.94349570 0.76351617 0.83292673
1.94964393 0.75249415 0.71828987
1.95490194 0.74151453 0.60669370
1.95933289 0.73059871 0.49813548
1.96299728 0.71976567 0.39259946
1.96595273 0.70903213 0.29005860
1.96825397 0.69841270 0.19047619
1.96995273 0.68792000 0.09380727
1.97109778 0.67756486 0.00000000
0.00000000 0.74844843 5.89403140
0.03166635 0.75999235 5.88994069
0.06430735 0.77168822 5.88412270
0.09794042 0.78352337 5.87642528
0.13258050 0.79548299 5.86668706
0.16823958 0.80754999 5.85473746
0.20492621 0.81970483 5.84039692
0.24264488 0.83192531 5.82347720
0.28139549 0.84418647 5.80378195
0.32117264 0.85646036 5.78110746
0.36196501 0.86871603 5.75524370
0.40375469 0.88091933 5.72597563
0.44651646 0.89303292 5.69308484
0.49021713 0.90501624 5.65635149
0.53481492 0.91682558 5.61555665
0.58025885 0.92841417 5.57048499
0.62648826 0.93973239 5.52092781
0.67343239 0.95072808 5.46668644
0.72101012 0.96134683 5.40757591
0.76912992 0.97153253 5.34342893
0.81768992 0.98122790 5.27409996
0.86657824 0.99037514 5.19946947
0.91567364 0.99891669 5.11944805
0.96484625 1.00679609 5.03398044
1.01395880 1.01395880 4.94304915
1.06286792 1.02035320 4.84667770
1.11142577 1.02593148 4.74493310
1.15948193 1.03065060 4.63792771
1.20688534 1.03447315 4.52582003
1.25348650 1.03736814 4.40881458
1.29913960 1.03931168 4.28716070
1.34370477 1.04028756 4.16115025
1.38705008 1.04028756 4.03111431
1.42905357 1.03931168 3.89741881
1.46960486 1.03736814 3.76045949
1.50860668 1.03447315 3.62065602
1.54597590 1.03065060 3.47844578
1.58164437 1.02593148 3.33427731
1.61555923 1.02035320 3.18860375
1.64768305 1.01395880 3.04187640
1.67799348 1.00679609 2.89453875
1.70648268 0.99891669 2.74702091
1.73315649 0.99037514 2.59973473
1.75803332 0.98122790 2.45306975
1.78114298 0.97153253 2.30738976
1.80252530 0.96134683 2.16303037
1.82222881 0.95072808 2.02029716
1.84030927 0.93973239 1.87946479
1.85682833 0.92841417 1.74077656
1.87185222 0.91682558 1.60444476
1.88545050 0.90501624 1.47065139
1.89769495 0.89303292 1.33954937
1.90865854 0.88091933 1.21126408
1.91841457 0.86871603 1.08589504
1.92703582 0.85646036 0.96351791
1.93459398 0.84418647 0.84418647
1.94115907 0.83192531 0.72793465
1.94679897 0.81970483 0.61477862
1.95157915 0.80754999 0.50471875
1.95556235 0.79548299 0.39774150
1.95880843 0.78352337 0.29382126
1.96137423 0.77168822 0.19292206
1.96331356 0.75999235 0.09499904
1.96467713 0.74844843 0.00000000
0.00000000 0.82085938 5.87230170
0.03206265 0.83362883 5.86746449
0.06512033 0.84656428 5.86082965
0.09919049 0.85965093 5.85223904
0.13428793 0.87287156 5.84152506
0.17042429 0.88620630 5.82851065
0.20760749 0.89963244 5.81300959
0.24584114 0.91312423 5.79482687
0.28512392 0.92665274 5.77375937
0.32544887 0.94018562 5.74959669
0.36680271 0.95368706 5.72212235
0.40916515 0.96711762 5.69111525
0.45250812 0.98043426 5.65635149
0.49679513 0.99359026 5.61760650
0.54198060 1.00653541 5.57465764
0.58800927 1.01921606 5.52728711
0.63481568 1.03157548 5.47528525
0.68232386 1.04355414 5.41845417
0.73044706 1.05509019 5.35661175
0.77908775 1.06612008 5.28959577
0.82813783 1.07657917 5.21726830
0.87747903 1.08640261 5.13952002
0.92698366 1.09552615 5.05627453
0.97651559 1.10388719 4.96749234
1.02593148 1.11142577 4.87317454
1.07508238 1.11808568 4.77336577
1.12381548 1.12381548 4.66815661
1.17197612 1.12856960 4.55768491
1.21940996 1.13230925 4.44213627
1.26596522 1.13500330 4.32174334
1.31149499 1.13662899 4.19678397
1.35585945 1.13717244 4.06757836
1.39892799 1.13662899 3.93448497
1.44058111 1.13500330 3.79789566
1.48071209 1.13230925 3.65822987
1.51922830 1.12856960 3.51592836
1.55605220 1.12381548 3.37144644
1.59112192 1.11808568 3.22524714
1.62439151 1.11142577 3.07779444
1.65583078 1.10388719 2.92954677
1.68542484 1.09552615 2.78095099
1.71317334 1.08640261 2.63243709
1.73908943 1.07657917 2.48441348
1.76319859 1.06612008 2.33726325
1.78553725 1.05509019 2.19134117
1.80615139 1.04355414 2.04697158
1.82509508 1.03157548 1.90444704
1.84242904 1.01921606 1.76402780
1.85821921 1.00653541 1.62594181
1.87253550 0.99359026 1.49038540
1.88545050 0.98043426 1.35752436
1.89703842 0.96711762 1.22749545
1.90737412 0.95368706 1.10040814
1.91653223 0.94018562 0.97634661
1.92458646 0.92665274 0.85537176
1.93160896 0.91312423 0.73752342
1.93766986 0.89963244 0.62282246
1.94283688 0.88620630 0.51127286
1.94717502 0.87287156 0.40286380
1.95074635 0.85965093 0.29757148
1.95360988 0.84656428 0.19536099
1.95582150 0.83362883 0.09618794
1.95743390 0.82085938 0.00000000
0.00000000 0.89476964 5.84795874
0.03245710 0.90879877 5.84227778
0.06592909 0.92300726 5.83472448
0.10043336 0.93737799 5.82513467
0.13598443 0.95189101 5.81333441
0.17259346 0.96652336 5.79914018
0.21026760 0.98124882 5.78235912
0.24900943 0.99603771 5.76278958
0.28881619 1.01085667 5.74022183
0.32967918 1.02566855 5.71443906
0.37158292 1.04043219 5.68521874
0.41450451 1.05510238 5.65233419
0.45841279 1.06962984 5.61555665
0.50326770 1.08396121 5.57465764
0.54901961 1.09803922 5.52941176
0.59560868 1.11180288 5.47959989
0.64296447 1.12518782 5.42501272
0.69100553 1.13812675 5.36545470
0.73963929 1.15055000 5.30074821
0.78876209 1.16238623 5.23073804
0.83825948 1.17356328 5.15529583
0.88800681 1.18400909 5.07432465
0.93787002 1.19365276 4.98776331
0.98770683 1.20242570 4.89559036
1.03736814 1.21026282 4.79782763
1.08669977 1.21710374 4.69454301
1.13554442 1.22289399 4.58585247
1.18374381 1.22758617 4.47192105
1.23114096 1.23114096 4.35296269
1.27758263 1.23352805 4.22923904
1.32292159 1.23472682 4.10105693
1.36701898 1.23472682 3.96876477
1.40974635 1.23352805 3.83274788
1.45098756 1.23114096 3.69342289
1.49064035 1.22758617 3.55123142
1.52861749 1.22289399 3.40663327
1.56484767 1.21710374 3.26009931
1.59927588 1.21026282 3.11210441
1.63186345 1.20242570 2.96312048
1.66258777 1.19365276 2.81361007
1.69144155 1.18400909 2.66402044
1.71843194 1.17356328 2.51477845
1.74357935 1.16238623 2.36628626
1.76691607 1.15055000 2.21891786
1.78848490 1.13812675 2.07301659
1.80833757 1.12518782 1.92889341
1.82653330 1.11180288 1.78682605
1.84313725 1.09803922 1.64705882
1.85821921 1.08396121 1.50980311
1.87185222 1.06962984 1.37523836
1.88411140 1.05510238 1.24351352
1.89507291 1.04043219 1.11474877
1.90481302 1.02566855 0.98903753
1.91340728 1.01085667 0.86644858
1.92092986 0.99603771 0.74702828
1.92745304 0.98124882 0.63080281
1.93304673 0.96652336 0.51778037
1.93777814 0.95189101 0.40795329
1.94171156 0.93737799 0.30130007
1.94490816 0.92300726 0.19778727
1.94742593 0.90879877 0.09737130
1.94931958 0.89476964 0.00000000
0.00000000 0.97014250 5.82085500
0.03284874 0.98546217 5.81422681
0.06673158 1.00097364 5.80564713
0.10166571 1.01665714 5.79494567
0.13766529 1.03248968 5.78194222
0.17474081 1.04844487 5.76644677
0.21289852 1.06449259 5.74825999
0.25213972 1.08059882 5.72717373
0.29246010 1.09672538 5.70297195
0.33384893 1.11282977 5.67543182
0.37628835 1.12886504 5.64432521
0.41975256 1.14477970 5.60942054
0.46420708 1.16051771 5.57048499
0.50960803 1.17601853 5.52728711
0.55590144 1.19121737 5.47959989
0.60302269 1.20604538 5.42720420
0.65089608 1.22043014 5.36989262
0.69943451 1.23429619 5.30747363
0.74853943 1.24756572 5.23977604
0.79810097 1.26015942 5.16665362
0.84799830 1.27199746 5.08798982
0.89810042 1.28300060 5.00370233
0.94826705 1.29309144 4.91374746
0.99835003 1.30219569 4.81812405
1.04819485 1.31024356 4.71687683
1.09764260 1.31717112 4.61009892
1.14653205 1.32292159 4.49793341
1.19470196 1.32744662 4.38057386
1.24199354 1.33070737 4.25826357
1.28825287 1.33267538 4.13129369
1.33333333 1.33333333 4.00000000
1.37709790 1.33267538 3.86475861
1.41942119 1.33070737 3.72598063
1.46019129 1.32744662 3.58410588
1.49931114 1.32292159 3.43959614
1.53669964 1.31717112 3.29292780
1.57229228 1.31024356 3.14458455
1.60604135 1.30219569 2.99505009
1.63791582 1.29309144 2.84480116
1.66790078 1.28300060 2.69430126
1.69599661 1.27199746 2.54399491
1.72221787 1.26015942 2.39430290
1.74659201 1.24756572 2.24561830
1.76915788 1.23429619 2.09830353
1.78996421 1.22043014 1.95268823
1.80906807 1.20604538 1.80906807
1.82653330 1.19121737 1.66770432
1.84242904 1.17601853 1.52882409
1.85682833 1.16051771 1.39262125
1.86980685 1.14477970 1.25925767
1.88144174 1.12886504 1.12886504
1.89181061 1.11282977 1.00154679
1.90099065 1.09672538 0.87738030
1.90905791 1.08059882 0.75641917
1.91608666 1.06449259 0.63869555
1.92214892 1.04844487 0.52422243
1.92731407 1.03248968 0.41299587
1.93164856 1.01665714 0.30499714
1.93521571 1.00097364 0.20019473
1.93807560 0.98546217 0.09854622
1.94028500 0.97014250 0.00000000
0.00000000 1.04693188 5.79084197
0.03323653 1.06356910 5.78315699
0.06752558 1.08040924 5.77343688
0.10288402 1.09742957 5.76150524
0.13932547 1.11460375 5.74717559
0.17685962 1.13190155 5.73025161
0.21549161 1.14928858 5.71052763
0.25522131 1.16672601 5.68778930
0.29604260 1.18417038 5.66181465
0.33794252 1.20157340 5.63237532
0.38090056 1.21888180 5.59923825
0.42488781 1.23603727 5.56216773
0.46986620 1.25297653 5.52092781
0.51578774 1.26963136 5.47528525
0.56259391 1.28592894 5.42501272
0.61021507 1.30179215 5.36989262
0.65857006 1.31714013 5.30972113
0.70756599 1.33188892 5.24431264
0.75709821 1.34595237 5.17350444
0.80705057 1.35924307 5.09716151
0.85729596 1.37167354 5.01518136
0.90769712 1.38315751 4.92749864
0.95810782 1.39361138 4.83408948
1.00837435 1.40295562 4.73497523
1.05833727 1.41111636 4.63022557
1.10783349 1.41802687 4.51996064
1.15669854 1.42362897 4.40435213
1.20476902 1.42787439 4.28362318
1.25188514 1.43072587 4.15804706
1.29789321 1.43215803 4.02794445
1.34264815 1.43215803 3.89367964
1.38601569 1.43072587 3.75565541
1.42787439 1.42787439 3.61430706
1.46811738 1.42362897 3.47009562
1.50665355 1.41802687 3.32350047
1.54340852 1.41111636 3.17501182
1.57832508 1.40295562 3.02512306
1.61136316 1.39361138 2.87432347
1.64249955 1.38315751 2.72309136
1.67172712 1.37167354 2.57188788
1.69905384 1.35924307 2.42115172
1.72450148 1.34595237 2.27129463
1.74810421 1.33188892 2.12269797
1.76990704 1.31714013 1.97571019
1.78996421 1.30179215 1.83064521
1.80833757 1.28592894 1.68778174
1.82509508 1.26963136 1.54736322
1.84030927 1.25297653 1.40959859
1.85405591 1.23603727 1.27466344
1.86641275 1.21888180 1.14270168
1.87745844 1.20157340 1.01382756
1.88727155 1.18417038 0.88812779
1.89592977 1.16672601 0.76566394
1.90350921 1.14928858 0.64647483
1.91008387 1.13190155 0.53057885
1.91572520 1.11460375 0.41797641
1.92050175 1.09742957 0.30865207
1.92447896 1.08040924 0.20257673
1.92771900 1.06356910 0.09970960
1.93028066 1.04693188 0.00000000
0.00000000 1.12508174 5.75777126
0.03361938 1.14305896 5.74891417
0.06830874 1.16124851 5.73793382
0.10408450 1.17962439 5.72464776
0.14095959 1.19815651 5.70886335
0.17894271 1.21681042 5.69037815
0.21803771 1.23554702 5.66898042
0.25824281 1.25432223 5.64445004
0.29954984 1.27308683 5.61655956
0.34194341 1.29178623 5.58507575
0.38540010 1.31036033 5.54976139
0.42988761 1.32874353 5.51037759
0.47536404 1.34686478 5.46668644
0.52177707 1.36464772 5.41845417
0.56906338 1.38201106 5.36545470
0.61714810 1.39886902 5.30747363
0.66594446 1.41513198 5.24431264
0.71535366 1.43070731 5.17579411
0.76526490 1.44550037 5.10176599
0.81555581 1.45941566 5.02210682
0.86609307 1.47235822 4.93673050
0.91673343 1.48423508 4.84559101
0.96732504 1.49495688 4.74868657
1.01770908 1.50443951 4.64606318
1.06772173 1.51260578 4.53781734
1.11719641 1.51938711 4.42409777
1.16596618 1.52472500 4.30510588
1.21386632 1.52857241 4.18109511
1.26073696 1.53089488 4.05236880
1.30642560 1.53167139 3.91927679
1.35078960 1.53089488 3.78221088
1.39369837 1.52857241 3.64159897
1.43503529 1.52472500 3.49789853
1.47469926 1.51938711 3.35158922
1.51260578 1.51260578 3.20316518
1.54868773 1.50443951 3.05312723
1.58289552 1.49495688 2.90197513
1.61519700 1.48423508 2.75020030
1.64557683 1.47235822 2.59827921
1.67403561 1.45941566 2.44666742
1.70058866 1.44550037 2.29579470
1.72526470 1.43070731 2.14606097
1.74810421 1.41513198 1.99783339
1.76915788 1.39886902 1.85144429
1.78848490 1.38201106 1.70719013
1.80615139 1.36464772 1.56533120
1.82222881 1.34686478 1.42609212
1.83679253 1.32874353 1.28966284
1.84992046 1.31036033 1.15620029
1.86169192 1.29178623 1.02583024
1.87218652 1.27308683 0.89864953
1.88148335 1.25432223 0.77472844
1.88966014 1.23554702 0.65411313
1.89679272 1.21681042 0.53682813
1.90295445 1.19815651 0.42287877
1.90821592 1.17962439 0.31225351
1.91264461 1.16124851 0.20492621
1.91630472 1.14305896 0.10085814
1.91925709 1.12508174 0.00000000
0.00000000 1.20452547 5.72149599
0.03399611 1.22385988 5.71134609
0.06907855 1.24341390 5.69898040
0.10526316 1.26315789 5.68421053
0.14256196 1.28305764 5.66683790
0.18098251 1.30307404 5.64665419
0.22052714 1.32316283 5.62344203
0.26119221 1.34327423 5.59697596
0.30296728 1.36335275 5.56702374
0.34583425 1.38333700 5.53334801
0.38976655 1.40315958 5.49570837
0.43472828 1.42274709 5.45386386
0.48067341 1.44202024 5.40757591
0.52754510 1.46089411 5.35661175
0.57527500 1.47927857 5.30074821
0.62378286 1.49707887 5.23977604
0.67297619 1.51419642 5.17350444
0.72275018 1.53052980 5.10176599
0.77298795 1.54597590 5.02442169
0.82356099 1.56043135 4.94136593
0.87432999 1.57379399 4.85253147
0.92514604 1.58596464 4.75789392
0.97585207 1.59684884 4.65747578
1.02628472 1.60635869 4.55134963
1.07627647 1.61441471 4.43964044
1.12565800 1.62094752 4.32252672
1.17426076 1.62589951 4.20024040
1.22191962 1.62922616 4.07306540
1.26847557 1.63089716 3.94133481
1.31377827 1.63089716 3.80542671
1.35768847 1.62922616 3.66575886
1.40008013 1.62589951 3.52278227
1.44084224 1.62094752 3.37697400
1.47988015 1.61441471 3.22882941
1.51711654 1.60635869 3.07885416
1.55249193 1.59684884 2.92755621
1.58596464 1.58596464 2.77543812
1.61751049 1.57379399 2.62298998
1.64712198 1.56043135 2.47068296
1.67480723 1.54597590 2.31896386
1.70058866 1.53052980 2.16825055
1.72450148 1.51419642 2.01892856
1.74659201 1.49707887 1.87134858
1.76691607 1.47927857 1.72582500
1.78553725 1.46089411 1.58263529
1.80252530 1.44202024 1.44202024
1.81795462 1.42274709 1.30418484
1.83190279 1.40315958 1.16929965
1.84444934 1.38333700 1.03750275
1.85567458 1.36335275 0.90890184
1.86565865 1.34327423 0.78357663
1.87448068 1.32316283 0.66158142
1.88221806 1.30307404 0.54294752
1.88894597 1.28305764 0.42768588
1.89473684 1.26315789 0.31578947
1.89966013 1.24341390 0.20723565
1.90378203 1.22385988 0.10198832
1.90716533 1.20452547 0.00000000
0.00000000 1.28518538 5.68187220
0.03436548 1.30588819 5.67030398
0.06983239 1.32681532 5.65642320
0.10641577 1.34793307 5.64003574
0.14412660 1.36920269 5.62093735
0.18297105 1.39058001 5.59891424
0.22294975 1.41201511 5.57374386
0.26405696 1.43345205 5.54519608
0.30627970 1.45482858 5.51303462
0.34959695 1.47607603 5.47701896
0.39397874 1.49711921 5.43690661
0.43938529 1.51787646 5.39245584
0.48576627 1.53825984 5.34342893
0.53306004 1.55817550 5.28959577
0.58119312 1.57752417 5.23073804
0.63007971 1.59620193 5.16665362
0.67962153 1.61410115 5.09716151
0.72970783 1.63111162 5.02210682
0.78021567 1.64712198 4.94136593
0.83101063 1.66202126 4.85485159
0.88194773 1.67570068 4.76251773
0.93287277 1.68805549 4.66436385
0.98362403 1.69898697 4.56043871
1.03403428 1.70840445 4.45084318
1.08393301 1.71622726 4.33573202
1.13314902 1.72238651 4.21531436
1.18151308 1.72682681 4.08985296
1.22886061 1.72950752 3.95966196
1.27503443 1.73040387 3.82510330
1.31988732 1.72950752 3.68658182
1.36328432 1.72682681 3.54453924
1.40510479 1.72238651 3.39944707
1.44524401 1.71622726 3.25179902
1.48361439 1.70840445 3.10210283
1.52014624 1.69898697 2.95087210
1.55478795 1.68805549 2.79861831
1.58750591 1.67570068 2.64584318
1.61828386 1.66202126 2.49303190
1.64712198 1.64712198 2.34064702
1.67403561 1.63111162 2.18912348
1.69905384 1.61410115 2.03886460
1.72221787 1.59620193 1.89023913
1.74357935 1.57752417 1.74357935
1.76319859 1.55817550 1.59918012
1.78114298 1.53825984 1.45729880
1.79748528 1.51787646 1.31815587
1.81230220 1.49711921 1.18193622
1.82567299 1.47607603 1.04879086
1.83767821 1.45482858 0.91883910
1.84839869 1.43345205 0.79217087
1.85791462 1.41201511 0.66884926
1.86630475 1.39058001 0.54891316
1.87364578 1.36920269 0.43237980
1.88001191 1.34793307 0.31924731
1.88547440 1.32681532 0.20949716
1.89010133 1.30588819 0.10309644
1.89395740 1.28518538 0.00000000
0.00000000 1.36697225 5.63876054
0.03472620 1.38904799 5.62564437
0.07056748 1.41134966 5.61011491
0.10753793 1.43383912 5.59197259
0.14564726 1.45647264 5.57100786
0.18490007 1.47920052 5.54700196
0.22529501 1.50196675 5.51972781
0.26682402 1.52470871 5.48895136
0.30947139 1.54735694 5.45443322
0.35321288 1.56983502 5.41593081
0.39801488 1.59205950 5.37320083
0.44383352 1.61394009 5.32600229
0.49061395 1.63537983 5.27409996
0.53828959 1.65627565 5.21726830
0.58678164 1.67651897 5.15529583
0.63599873 1.69599661 5.08798982
0.68583677 1.71459192 5.01518136
0.73617911 1.73218614 4.93673050
0.78689699 1.74865999 4.85253147
0.83785034 1.76389545 4.76251773
0.88888889 1.77777778 4.66666667
0.93985371 1.79019753 4.56500371
0.99057904 1.80105280 4.45760567
1.04089449 1.81025129 4.34460309
1.09062746 1.81771243 4.22618140
1.13960576 1.82336922 4.10258075
1.18766043 1.82716989 3.97409452
1.23462843 1.82907916 3.84106624
1.28035541 1.82907916 3.70388530
1.32469817 1.82716989 3.56298129
1.36752692 1.82336922 3.41881729
1.40872713 1.81771243 3.27188237
1.44820103 1.81025129 3.12268347
1.48586856 1.80105280 2.97173712
1.52166790 1.79019753 2.81956112
1.55555556 1.77777778 2.66666667
1.58750591 1.76389545 2.51355102
1.61751049 1.74865999 2.36069098
1.64557683 1.73218614 2.20853733
1.67172712 1.71459192 2.05751030
1.69599661 1.69599661 1.90799618
1.71843194 1.67651897 1.76034492
1.73908943 1.65627565 1.61486876
1.75803332 1.63537983 1.47184185
1.77533410 1.61394009 1.33150057
1.79106694 1.59205950 1.19404463
1.80531027 1.56983502 1.05963864
1.81814441 1.54735694 0.92841417
1.82965045 1.52470871 0.80047207
1.83990927 1.50196675 0.67588504
1.84900065 1.47920052 0.55470020
1.85700262 1.45647264 0.43694179
1.86399086 1.43383912 0.32261380
1.87003830 1.41134966 0.21170245
1.87521479 1.38904799 0.10417860
1.87958685 1.36697225 0.00000000
0.00000000 1.44978504 5.59202803
0.03507692 1.47323084 5.57723103
0.07128098 1.49690058 5.55991643
0.10862509 1.52075125 5.53987956
0.14711750 1.54473371 5.51690610
0.18676098 1.56879227 5.49077293
0.22755205 1.59286435 5.46124919
0.26948003 1.61688020 5.42809783
0.31252623 1.64076270 5.39107746
0.35666298 1.66442724 5.34994468
0.40185279 1.68778174 5.30445688
0.44804752 1.71072689 5.25437544
0.49518757 1.73315649 5.19946947
0.54320130 1.75495806 5.13952002
0.59200454 1.77601363 5.07432465
0.64150030 1.79620084 5.00370233
0.69157876 1.81539424 4.92749864
0.74211754 1.83346687 4.84559101
0.79298232 1.85029208 4.75789392
0.84402774 1.86574554 4.66436385
0.89509877 1.87970741 4.56500371
0.94603233 1.89206466 4.45986670
0.99665938 1.90271336 4.34905910
1.04680718 1.91156095 4.23274210
1.09630194 1.91852839 4.11113226
1.14497145 1.92355204 3.98450065
1.19264800 1.92658524 3.85317047
1.23917110 1.92759949 3.71751331
1.28439016 1.92658524 3.57794401
1.32816688 1.92355204 3.43491435
1.37037742 1.91852839 3.28890581
1.41091403 1.91156095 3.14042155
1.44968637 1.90271336 2.98997813
1.48662223 1.89206466 2.83809699
1.52166790 1.87970741 2.68529630
1.55478795 1.86574554 2.53208323
1.58596464 1.85029208 2.37894696
1.61519700 1.83346687 2.22635263
1.64249955 1.81539424 2.07473627
1.66790078 1.79620084 1.92450090
1.69144155 1.77601363 1.77601363
1.71317334 1.75495806 1.62960391
1.73315649 1.73315649 1.48556271
1.75145848 1.71072689 1.34414255
1.76815229 1.68778174 1.20555838
1.78331489 1.66442724 1.06998894
1.79702582 1.64076270 0.93757869
1.80936594 1.61688020 0.80844010
1.82041640 1.59286435 0.68265615
1.83025764 1.56879227 0.56028295
1.83896870 1.54473371 0.44135249
1.84662652 1.52075125 0.32587527
1.85330548 1.49690058 0.21384294
1.85907701 1.47323084 0.10523077
1.86400934 1.44978504 0.00000000
0.00000000 1.53351069 5.54154998
0.03541626 1.55831558 5.52493705
0.07196992 1.58333830 5.50569910
0.10967254 1.60853055 5.48362688
0.14853066 1.63383730 5.45850190
0.18854505 1.65919644 5.43009743
0.22970978 1.68453836 5.39817973
0.27201137 1.70978575 5.36250985
0.31542789 1.73485339 5.32284563
0.35992802 1.75964811 5.27894432
0.40547020 1.78406888 5.23056558
0.45200179 1.80800714 5.17747500
0.49945835 1.83134727 5.11944805
0.54776307 1.85396733 5.05627453
0.59682638 1.87574005 4.98776331
0.64654572 1.89653411 4.91374746
0.69680569 1.91621565 4.83408948
0.74747844 1.93465009 4.74868657
0.79842442 1.95170414 4.65747578
0.84949348 1.96724807 4.56043871
0.90052640 1.98115808 4.45760567
0.95135668 1.99331875 4.34905910
1.00181277 2.00362554 4.23493579
1.05172052 2.01198708 4.11542811
1.10090585 2.01832739 3.99078370
1.14919757 2.02258772 3.86130382
1.19643019 2.02472802 3.72734022
1.24244674 2.02472802 3.58929058
1.28710127 2.02258772 3.44759270
1.33026123 2.01832739 3.30271755
1.37180937 2.01198708 3.15516155
1.41164526 2.00362554 3.00543831
1.44968637 1.99331875 2.85407003
1.48586856 1.98115808 2.70157920
1.52014624 1.96724807 2.54848045
1.55249193 1.95170414 2.39527326
1.58289552 1.93465009 2.24243533
1.61136316 1.91621565 2.09041707
1.63791582 1.89653411 1.93963715
1.66258777 1.87574005 1.79047914
1.68542484 1.85396733 1.64328922
1.70648268 1.83134727 1.49837504
1.72582500 1.80800714 1.35600536
1.74352186 1.78406888 1.21641060
1.75964811 1.75964811 1.07978406
1.77428188 1.73485339 0.94628367
1.78750328 1.70978575 0.81603411
1.79939324 1.68453836 0.68912933
1.81003248 1.65919644 0.56563515
1.81950063 1.63383730 0.44559199
1.82787563 1.60853055 0.32901761
1.83523303 1.58333830 0.21590977
1.84164568 1.55831558 0.10624879
1.84718333 1.53351069 0.00000000
0.00000000 1.61802406 5.48721203
0.03574279 1.64416839 5.46864703
0.07263129 1.67051978 5.44734711
0.11067549 1.69702420 5.42309906
0.14988003 1.72362031 5.39568097
0.19024338 1.75023911 5.36486337
0.23175699 1.77680358 5.33041074
0.27440432 1.80322842 5.29208340
0.31815999 1.82941996 5.24963988
0.36298881 1.85527616 5.20283965
0.40884496 1.88068681 5.15144647
0.45567116 1.90553395 5.09523208
0.50339804 1.92969250 5.03398044
0.55194359 1.95303118 4.96749234
0.60121285 1.97541365 4.89559036
0.65109784 1.99670006 4.81812405
0.70147781 2.01674871 4.73497523
0.75221975 2.03541816 4.64606318
0.80317935 2.05256944 4.55134963
0.85420223 2.06806855 4.45084318
0.90512564 2.08178898 4.34460309
0.95578047 2.09361437 4.23274210
1.00599354 2.10344104 4.11542811
1.05559020 2.11118040 3.99288467
1.10439710 2.11676111 3.86538986
1.15224503 2.12013086 3.73327390
1.19897174 2.12125769 3.59691521
1.24442463 2.12013086 3.45673510
1.28846329 2.11676111 3.31319131
1.33096156 2.11118040 3.16677060
1.37180937 2.10344104 3.01798062
1.41091403 2.09361437 2.86734142
1.44820103 2.08178898 2.71537693
1.48361439 2.06806855 2.56260668
1.51711654 2.05256944 2.40953804
1.54868773 2.03541816 2.25665926
1.57832508 2.01674871 2.10443343
1.60604135 1.99670006 1.95329353
1.63186345 1.97541365 1.80363855
1.65583078 1.95303118 1.65583078
1.67799348 1.92969250 1.51019413
1.69841069 1.90553395 1.36701349
1.71714882 1.88068681 1.22653487
1.73427988 1.85527616 1.08896644
1.74987996 1.82941996 0.95447998
1.76402780 1.80322842 0.82321297
1.77680358 1.77680358 0.69527097
1.78828779 1.75023911 0.57073015
1.79856032 1.72362031 0.44964008
1.80769969 1.69702420 0.33202647
1.81578237 1.67051978 0.21789388
1.82288234 1.64416839 0.10722837
1.82907068 1.61802406 0.00000000
0.00000000 1.70318815 5.42891221
0.03605506 1.73064298 5.40825931
0.07326204 1.75828894 5.38475989
0.11162911 1.78606583 5.35819749
0.15115880 1.81390559 5.32834766
0.19184707 1.84173191 5.29497925
0.23368250 1.86945996 5.25785614
0.27664527 1.89699613 5.21673934
0.32070633 1.92423799 5.17138960
0.36582646 1.95107443 5.12157039
0.41195540 1.97738594 5.06705147
0.45903118 2.00304513 5.00761284
0.50697940 2.02791760 4.94304915
0.55571289 2.05186296 4.87317454
0.60513141 2.07473627 4.79782763
0.65512178 2.09638970 4.71687683
0.70555818 2.11667455 4.63022557
0.75630289 2.13544346 4.53781734
0.80720735 2.15255294 4.43964044
0.85811363 2.16786601 4.33573202
0.90885621 2.18125491 4.22618140
0.95926419 2.19260387 4.11113226
1.00916369 2.20181170 3.99078370
1.05838056 2.20879420 3.86538986
1.10674314 2.21348628 3.73525810
1.15408519 2.21584357 3.60074579
1.20024860 2.21584357 3.46225557
1.24508603 2.21348628 3.32022943
1.28846329 2.20879420 3.17514167
1.33026123 2.20181170 3.02749108
1.37037742 2.19260387 2.87779258
1.40872713 2.18125491 2.72656864
1.44524401 2.16786601 2.57434089
1.47988015 2.15255294 2.42162206
1.51260578 2.13544346 2.26890867
1.54340852 2.11667455 2.11667455
1.57229228 2.09638970 1.96536535
1.59927588 2.07473627 1.81539424
1.62439151 2.05186296 1.66713866
1.64768305 2.02791760 1.52093820
1.66920428 2.00304513 1.37709353
1.68901716 1.97738594 1.23586621
1.70719013 1.95107443 1.09747937
1.72379653 1.92423799 0.96211900
1.73891311 1.89699613 0.82993580
1.75261871 1.86945996 0.70104749
1.76499308 1.84173191 0.57554122
1.77611589 1.81390559 0.45347640
1.78606583 1.78606583 0.33488734
1.79491996 1.75828894 0.21978612
1.80275310 1.73064298 0.10816519
1.80963740 1.70318815 0.00000000
0.00000000 1.78885438 5.36656315
0.03635162 1.81758106 5.34368833
0.07385909 1.84647728 5.31785457
0.11252858 1.87547626 5.28884304
0.15236022 1.90450281 5.25642775
0.19334730 1.93347298 5.22037704
0.23547525 1.96229377 5.18045555
0.27872082 1.99086300 5.13642653
0.32305109 2.01906930 5.08805464
0.36842263 2.04679238 5.03510924
0.41478068 2.07390339 4.97736813
0.46205845 2.10026570 4.91462174
0.51017660 2.12573583 4.84667770
0.55904284 2.15016476 4.77336577
0.60855187 2.17339954 4.69454301
0.65858556 2.19528520 4.61009892
0.70901343 2.21566698 4.51996064
0.75969356 2.23439281 4.42409777
0.81047376 2.25131600 4.32252672
0.86119326 2.26629805 4.21531436
0.91168461 2.27921153 4.10258075
0.96177602 2.28994290 3.98450065
1.01129386 2.29839513 3.86130382
1.06006543 2.30449006 3.73327390
1.10792178 2.30817038 3.60074579
1.15470054 2.30940108 3.46410162
1.20024860 2.30817038 3.32376535
1.24442463 2.30449006 3.18019629
1.28710127 2.29839513 3.03388157
1.32816688 2.28994290 2.88532806
1.36752692 2.27921153 2.73505384
1.40510479 2.26629805 2.58357977
1.44084224 2.25131600 2.43142128
1.47469926 2.23439281 2.27908067
1.50665355 2.21566698 2.12704030
1.53669964 2.19528520 1.97575668
1.56484767 2.17339954 1.82565561
1.59112192 2.15016476 1.67712851
1.61555923 2.12573583 1.53052980
1.63820725 2.10026570 1.38617536
1.65912271 2.07390339 1.24434203
1.67836975 2.04679238 1.10526788
1.69601821 2.01906930 0.96915327
1.71214218 1.99086300 0.83616246
1.72681852 1.96229377 0.70642576
1.74012568 1.93347298 0.58004189
1.75214258 1.90450281 0.45708067
1.76294768 1.87547626 0.33758573
1.77261819 1.84647728 0.22157727
1.78122944 1.81758106 0.10905486
1.78885438 1.78885438 0.00000000
0.00000000 1.87486323 5.30009412
0.03663102 1.90481302 5.27486683
0.07441941 1.93490465 5.24656838
0.11336910 1.96506439 5.21497856
0.15347766 1.99520957 5.17987101
0.19473541 2.02524829 5.14101489
0.23712452 2.05507914 5.09817709
0.28061804 2.08459116 5.05112473
0.32517907 2.11366397 4.99962824
0.37075986 2.14216810 4.94346485
0.41730107 2.16996556 4.88242252
0.46473112 2.19691074 4.81630430
0.51296574 2.22285154 4.74493310
0.56190774 2.24763096 4.66815661
0.61144700 2.27108884 4.58585247
0.66146080 2.29306409 4.49793341
0.71181449 2.31339708 4.40435213
0.76236250 2.33193235 4.30510588
0.81294975 2.34852151 4.20024040
0.86341340 2.36302616 4.08985296
0.91358495 2.37532086 3.97409452
0.96329262 2.38529601 3.85317047
1.01236401 2.39286039 3.72734022
1.06062884 2.39794347 3.59691521
1.10792178 2.40049720 3.46225557
1.15408519 2.40049720 3.32376535
1.19897174 2.39794347 3.18188653
1.24244674 2.39286039 3.03709203
1.28439016 2.38529601 2.88987785
1.32469817 2.37532086 2.74075484
1.36328432 2.36302616 2.59024021
1.40008013 2.34852151 2.43884926
1.43503529 2.33193235 2.28708750
1.46811738 2.31339708 2.13544346
1.49931114 2.29306409 1.98438239
1.52861749 2.27108884 1.83434099
1.55605220 2.24763096 1.68572322
1.58164437 2.22285154 1.53889722
1.60543477 2.19691074 1.39419335
1.62747417 2.16996556 1.25190321
1.64782162 2.14216810 1.11227959
1.66654275 2.11366397 0.97553722
1.68370824 2.08459116 0.84185412
1.69939236 2.05507914 0.71137355
1.71367163 2.02524829 0.58420624
1.72662367 1.99520957 0.46043298
1.73832619 1.96506439 0.34010730
1.74885613 1.93490465 0.22325823
1.75828894 1.90481302 0.10989306
1.76669804 1.87486323 0.00000000
0.00000000 1.96104496 5.22945322
0.03689183 1.99215884 5.20174808
0.07494001 2.02338036 5.17086093
0.11414603 2.05462852 5.13657131
0.15450466 2.08581290 5.09865375
0.19600309 2.11683336 5.05687970
0.23861999 2.14757995 5.01101988
0.28232463 2.17793288 4.96084711
0.32707597 2.20776277 4.90613950
0.37282186 2.23693116 4.84668417
0.41949837 2.26529120 4.78228142
0.46702919 2.29268877 4.71274915
0.51532530 2.31896386 4.63792771
0.56428480 2.34395224 4.55768491
0.61379308 2.36748761 4.47192105
0.66372331 2.38940392 4.38057386
0.71393720 2.40953804 4.28362318
0.76428620 2.42773265 4.18109511
0.81461308 2.44383924 4.07306540
0.86475376 2.45772122 3.95966196
0.91453958 2.46925687 3.84106624
0.96379975 2.47834221 3.71751331
1.01236401 2.48489348 3.58929058
1.06006543 2.48884927 3.45673510
1.10674314 2.49017207 3.32022943
1.15224503 2.48884927 3.18019629
1.19643019 2.48489348 3.03709203
1.23917110 2.47834221 2.89139924
1.28035541 2.46925687 2.74361874
1.31988732 2.45772122 2.59426128
1.35768847 2.44383924 2.44383924
1.39369837 2.42773265 2.29285861
1.42787439 2.40953804 2.14181159
1.46019129 2.38940392 1.99116993
1.49064035 2.36748761 1.84137925
1.51922830 2.34395224 1.69285440
1.54597590 2.31896386 1.54597590
1.57091638 2.29268877 1.40108758
1.59409381 2.26529120 1.25849511
1.61556139 2.23693116 1.11846558
1.63537983 2.20776277 0.98122790
1.65361570 2.17793288 0.84697390
1.67033996 2.14757995 0.71585998
1.68562657 2.11683336 0.58800927
1.69955125 2.08581290 0.46351398
1.71219044 2.05462852 0.34243809
1.72362031 2.02338036 0.22482004
1.73391603 1.99215884 0.11067549
1.74315107 1.96104496 0.00000000
0.00000000 2.04722070 5.15460926
0.03713267 2.07942930 5.12430791
0.07541802 2.11170455 5.09071634
0.11485489 2.14395791 5.05361507
0.15543507 2.17609095 5.01278095
0.19714243 2.20799522 4.96798925
0.23995201 2.23955213 4.91901630
0.28382914 2.27063312 4.86564240
0.32872857 2.30110000 4.80765536
0.37459376 2.33080562 4.74485429
0.42135621 2.35959478 4.67705394
0.46893501 2.38730552 4.60408921
0.51723657 2.41377068 4.52582003
0.56615462 2.43881992 4.44213627
0.61557048 2.46228193 4.35296269
0.66535368 2.48398708 4.25826357
0.71536293 2.50377027 4.15804706
0.76544744 2.52147392 4.05236880
0.81544858 2.53695114 3.94133481
0.86520194 2.55006887 3.82510330
0.91453958 2.56071083 3.70388530
0.96329262 2.56878031 3.57794401
1.01129386 2.57420255 3.44759270
1.05838056 2.57692657 3.31319131
1.10439710 2.57692657 3.17514167
1.14919757 2.57420255 3.03388157
1.19264800 2.56878031 2.88987785
1.23462843 2.56071083 2.74361874
1.27503443 2.55006887 2.59560581
1.31377827 2.53695114 2.44634574
1.35078960 2.52147392 2.29634232
1.38601569 2.50377027 2.14608880
1.41942119 2.48398708 1.99606105
1.45098756 2.46228193 1.84671144
1.48071209 2.43881992 1.69846387
1.50860668 2.41377068 1.55170972
1.53469640 2.38730552 1.40680504
1.55901798 2.35959478 1.26406863
1.58161810 2.33080562 1.12378128
1.60255179 2.30110000 0.98618571
1.62188080 2.27063312 0.85148742
1.63967210 2.23955213 0.71985604
1.65599642 2.20799522 0.59142729
1.67092698 2.17609095 0.46630520
1.68453836 2.14395791 0.34456466
1.69690545 2.11170455 0.22625406
1.70810264 2.07942930 0.11139800
1.71820309 2.04722070 0.00000000
0.00000000 2.13320369 5.07555362
0.03735220 2.16642741 5.04254657
0.07585068 2.19966981 5.00614509
0.11549144 2.23283457 4.96613205
0.15626311 2.26581516 4.92228811
0.19814610 2.29849475 4.87439405
0.24111168 2.33074621 4.82223353
0.28512115 2.36243237 4.76559633
0.33012505 2.39340658 4.70428190
0.37606244 2.42351351 4.63810344
0.42286039 2.45259025 4.56689219
0.47043355 2.48046782 4.49050209
0.51868407 2.50697299 4.40881458
0.56750165 2.53193044 4.32174334
0.61676403 2.55516526 4.22923904
0.66633769 2.57650574 4.13129369
0.71607901 2.59578642 4.02794445
0.76583570 2.61285120 3.91927679
0.81544858 2.62755654 3.80542671
0.86475376 2.63977464 3.68658182
0.91358495 2.64939634 3.56298129
0.96177602 2.65633377 3.43491435
1.00916369 2.66052247 3.30271755
1.05559020 2.66192311 3.16677060
1.10090585 2.66052247 3.02749108
1.14497145 2.65633377 2.88532806
1.18766043 2.64939634 2.74075484
1.22886061 2.63977464 2.59426128
1.26847557 2.62755654 2.44634574
1.30642560 2.61285120 2.29750709
1.34264815 2.59578642 2.14823704
1.37709790 2.57650574 1.99901308
1.40974635 2.55516526 1.85029208
1.44058111 2.53193044 1.70250495
1.46960486 2.50697299 1.55605220
1.49683403 2.48046782 1.41130066
1.52229740 2.45259025 1.26858116
1.54603448 2.42351351 1.12818732
1.56809397 2.39340658 0.99037514
1.58853211 2.36243237 0.85536344
1.60741118 2.33074621 0.72333503
1.62479802 2.29849475 0.59443830
1.64076270 2.26581516 0.46878934
1.65537735 2.23283457 0.34647433
1.66871503 2.19966981 0.22755205
1.68084886 2.16642741 0.11205659
1.69185121 2.13320369 0.00000000
0.00000000 2.21880078 4.99230177
0.03754917 2.25295013 4.95649028
0.07623544 2.28706307 4.91718559
0.11605177 2.32103541 4.87417437
0.15698350 2.35475252 4.82724268
0.19900744 2.38808926 4.77617851
0.24209101 2.42091013 4.72077475
0.28619147 2.45306975 4.66083252
0.33125513 2.48441348 4.59616493
0.37721677 2.51477845 4.52660122
0.42399915 2.54399491 4.45199110
0.47151278 2.57188788 4.37220939
0.51965584 2.59827921 4.28716070
0.56831450 2.62298998 4.19678397
0.61736341 2.64584318 4.10105693
0.66666667 2.66666667 4.00000000
0.71607901 2.68529630 3.89367964
0.76544744 2.70157920 3.78221088
0.81461308 2.71537693 3.66575886
0.86341340 2.72656864 3.54453924
0.91168461 2.73505384 3.41881729
0.95926419 2.74075484 3.28890581
1.00599354 2.74361874 3.15516155
1.05172052 2.74361874 3.01798062
1.09630194 2.74075484 2.87779258
1.13960576 2.73505384 2.73505384
1.18151308 2.72656864 2.59024021
1.22191962 2.71537693 2.44383924
1.26073696 2.70157920 2.29634232
1.29789321 2.68529630 2.14823704
1.33333333 2.66666667 2.00000000
1.36701898 2.64584318 1.85209023
1.39892799 2.62298998 1.70494349
1.42905357 2.59827921 1.55896753
1.45740313 2.57188788 1.41453833
1.48399703 2.54399491 1.27199746
1.50886707 2.51477845 1.13165030
1.53205498 2.48441348 0.99376539
1.55361084 2.45306975 0.85857441
1.57359158 2.42091013 0.72627304
1.59205950 2.38808926 0.59702231
1.60908089 2.35475252 0.47095050
1.62472479 2.32103541 0.34815531
1.63906186 2.28706307 0.22870631
1.65216343 2.25295013 0.11264751
1.66410059 2.21880078 0.00000000
0.00000000 2.30381413 4.90489460
0.03772242 2.33879018 4.86619248
0.07656993 2.37366768 4.82390529
0.11653232 2.40833458 4.77782505
0.15759150 2.44266818 4.72774487
0.19972059 2.47653527 4.67346173
0.24288313 2.50979237 4.61477953
0.28703233 2.54228634 4.55151264
0.33211035 2.57385523 4.48348975
0.37804783 2.60432947 4.41055797
0.42476346 2.63353345 4.33258729
0.47216389 2.66128737 4.24947500
0.52014378 2.68740954 4.16115025
0.56858622 2.71171890 4.06757836
0.61736341 2.73403795 3.96876477
0.66633769 2.75419579 3.86475861
0.71536293 2.77203137 3.75565541
0.76428620 2.78739674 3.64159897
0.81294975 2.80016026 3.52278227
0.86119326 2.81020958 3.39944707
0.90885621 2.81745426 3.27188237
0.95578047 2.82182806 3.14042155
1.00181277 2.82329053 3.00543831
1.04680718 2.82182806 2.86734142
1.09062746 2.81745426 2.72656864
1.13314902 2.81020958 2.58357977
1.17426076 2.80016026 2.43884926
1.21386632 2.78739674 2.29285861
1.25188514 2.77203137 2.14608880
1.28825287 2.75419579 1.99901308
1.32292159 2.73403795 1.85209023
1.35585945 2.71171890 1.70575867
1.38705008 2.68740954 1.56043135
1.41649167 2.66128737 1.41649167
1.44419576 2.63353345 1.27429038
1.47018599 2.60432947 1.13414348
1.49449658 2.57385523 0.99633105
1.51717088 2.54228634 0.86109699
1.53825984 2.50979237 0.72864940
1.55782058 2.47653527 0.59916176
1.57591496 2.44266818 0.47277449
1.59260835 2.40833458 0.34959695
1.60796843 2.37366768 0.22970978
1.62206416 2.33879018 0.11316727
1.63496487 2.30381413 0.00000000
0.00000000 2.38804308 4.81339933
0.03787091 2.42373823 4.77173463
0.07685206 2.45926578 4.72640143
0.11692997 2.49450593 4.67719861
0.15808301 2.52932817 4.62392806
0.20028059 2.56359154 4.56639744
0.24348235 2.59714509 4.50442352
0.28763750 2.62982857 4.43783571
0.33268419 2.66147354 4.36648003
0.37854911 2.69190475 4.29022319
0.42514717 2.72094186 4.20895695
0.47238153 2.74840161 4.12260241
0.52014378 2.77410017 4.03111431
0.56831450 2.79785598 3.93448497
0.61676403 2.81949270 3.83274788
0.66535368 2.83884238 3.72598063
0.71393720 2.85574879 3.61430706
0.76236250 2.87007059 3.49789853
0.81047376 2.88168448 3.37697400
0.85811363 2.89048801 3.25179902
0.90512564 2.89640206 3.12268347
0.95135668 2.89937273 2.98997813
0.99665938 2.89937273 2.85407003
1.04089449 2.89640206 2.71537693
1.08393301 2.89048801 2.57434089
1.12565800 2.88168448 2.43142128
1.16596618 2.87007059 2.28708750
1.20476902 2.85574879 2.14181159
1.24199354 2.83884238 1.99606105
1.27758263 2.81949270 1.85029208
1.31149499 2.79785598 1.70494349
1.34370477 2.77410017 1.56043135
1.37420080 2.74840161 1.41714458
1.40298565 2.72094186 1.27544150
1.43007440 2.69190475 1.13564732
1.45549334 2.66147354 0.99805258
1.47927857 2.62982857 0.86291250
1.50147451 2.59714509 0.73044706
1.52213248 2.56359154 0.60084177
1.54130935 2.52932817 0.47424903
1.55906620 2.49450593 0.35078990
1.57546714 2.45926578 0.23055617
1.59057821 2.42373823 0.11361273
1.60446644 2.38804308 0.00000000
0.00000000 2.47128621 4.71791003
0.03799371 2.50758503 4.67322664
0.07708002 2.54364064 4.62480116
0.11724208 2.57932568 4.57244098
0.15845468 2.61450221 4.51595836
0.20068349 2.64902204 4.45517343
0.24388430 2.68272735 4.38991748
0.28800245 2.71545163 4.32003668
0.33297223 2.74702091 4.24539595
0.37871664 2.77725537 4.16588306
0.42514717 2.80597130 4.08141280
0.47216389 2.83298333 3.99193106
0.51965584 2.85810713 3.89741881
0.56750165 2.88116222 3.79789566
0.61557048 2.90197513 3.69342289
0.66372331 2.92038257 3.58410588
0.71181449 2.93623475 3.47009562
0.75969356 2.94939851 3.35158922
0.80720735 2.95976029 3.22882941
0.85420223 2.96722879 3.10210283
0.90052640 2.97173712 2.97173712
0.94603233 2.97324446 2.83809699
0.99057904 2.97173712 2.70157920
1.03403428 2.96722879 2.56260668
1.07627647 2.95976029 2.42162206
1.11719641 2.94939851 2.27908067
1.15669854 2.93623475 2.13544346
1.19470196 2.92038257 1.99116993
1.23114096 2.90197513 1.84671144
1.26596522 2.88116222 1.70250495
1.29913960 2.85810713 1.55896753
1.33064369 2.83298333 1.41649167
1.36047093 2.80597130 1.27544150
1.38862769 2.77725537 1.13614993
1.41513198 2.74702091 0.99891669
1.44001223 2.71545163 0.86400734
1.46330583 2.68272735 0.73165291
1.48505781 2.64902204 0.60205046
1.50531945 2.61450221 0.47536404
1.52414699 2.57932568 0.35172623
1.54160039 2.54364064 0.23124006
1.55774221 2.50758503 0.11398114
1.57263668 2.47128621 0.00000000
0.00000000 2.55334348 4.61854776
0.03809006 2.59012382 4.57080674
0.07725233 2.62657920 4.51926128
0.11746655 2.66257512 4.46372887
0.15870392 2.69796664 4.40403378
0.20092640 2.73259900 4.34001018
0.24408603 2.76630832 4.27150550
0.28812440 2.79892277 4.19838415
0.33297223 2.83026396 4.12053136
0.37854911 2.86014879 4.03785712
0.42476346 2.88839152 3.95030017
0.47151278 2.91480626 3.85783182
0.51868407 2.93920972 3.76045949
0.56615462 2.96142418 3.65822987
0.61379308 2.98128070 3.55123142
0.66146080 2.99862227 3.43959614
0.70901343 3.01330709 3.32350047
0.75630289 3.02521156 3.20316518
0.80317935 3.03423309 3.07885416
0.84949348 3.04029247 2.95087210
0.89509877 3.04333581 2.81956112
0.93985371 3.04333581 2.68529630
0.98362403 3.04029247 2.54848045
1.02628472 3.03423309 2.40953804
1.06772173 3.02521156 2.26890867
1.10783349 3.01330709 2.12704030
1.14653205 2.99862227 1.98438239
1.18374381 2.98128070 1.84137925
1.21940996 2.96142418 1.69846387
1.25348650 2.93920972 1.55605220
1.28594394 2.91480626 1.41453833
1.31676672 2.88839152 1.27429038
1.34595237 2.86014879 1.13564732
1.37351045 2.83026396 0.99891669
1.39946138 2.79892277 0.86437321
1.42383517 2.76630832 0.73225809
1.44667006 2.73259900 0.60277919
1.46801126 2.69796664 0.47611176
1.48790962 2.66257512 0.35239965
1.50642043 2.62657920 0.23175699
1.52360225 2.59012382 0.11427017
1.53951592 2.55334348 0.00000000
0.00000000 2.63401843 4.51546017
0.03815932 2.67115264 4.46464084
0.07736785 2.70787465 4.40996728
0.11760185 2.74404325 4.35126858
0.15882898 2.77950719 4.28838252
0.20100756 2.81410588 4.22115882
0.24408603 2.84767033 4.14946248
0.28800245 2.88002445 4.07317744
0.33268419 2.91098669 3.99221031
0.37804783 2.94037198 3.90649420
0.42399915 2.96799406 3.81599237
0.47043355 2.99366806 3.72070173
0.51723657 3.01721335 3.62065602
0.56428480 3.03845661 3.51592836
0.61144700 3.05723498 3.40663327
0.65858556 3.07339928 3.29292780
0.70555818 3.08681705 3.17501182
0.75221975 3.09737545 3.05312723
0.79842442 3.10498386 2.92755621
0.84402774 3.10957590 2.79861831
0.88888889 3.11111111 2.66666667
0.93287277 3.10957590 2.53208323
0.97585207 3.10498386 2.39527326
1.01770908 3.09737545 2.25665926
1.05833727 3.08681705 2.11667455
1.09764260 3.07339928 1.97575668
1.13554442 3.05723498 1.83434099
1.17197612 3.03845661 1.69285440
1.20688534 3.01721335 1.55170972
1.24023391 2.99366806 1.41130066
1.27199746 2.96799406 1.27199746
1.30216473 2.94037198 1.13414348
1.33073677 2.91098669 0.99805258
1.35772581 2.88002445 0.86400734
1.38315416 2.84767033 0.73225809
1.40705294 2.81410588 0.60302269
1.42946084 2.77950719 0.47648695
1.45042286 2.74404325 0.35280556
1.46998909 2.70787465 0.23210354
1.48821361 2.67115264 0.11447797
1.50515339 2.63401843 0.00000000
0.00000000 2.71312041 4.40882067
0.03820107 2.75047673 4.35492148
0.07742580 2.78732882 4.29713193
0.11764706 2.82352941 4.23529412
0.15882898 2.85892168 4.16926079
0.20092640 2.89334012 4.09889850
0.24388430 2.92661165 4.02409102
0.28763750 2.95855714 3.94474286
0.33211035 2.98899316 3.86078284
0.37721677 3.01773414 3.77216768
0.42286039 3.04459479 3.67888537
0.46893501 3.06939281 3.58095827
0.51532530 3.09195181 3.47844578
0.56190774 3.11210441 3.37144644
0.60855187 3.12969534 3.26009931
0.65512178 3.14458455 3.14458455
0.70147781 3.15665015 3.02512306
0.74747844 3.16579105 2.90197513
0.79298232 3.17192928 2.77543812
0.83785034 3.17501182 2.64584318
0.88194773 3.17501182 2.51355102
0.92514604 3.17192928 2.37894696
0.96732504 3.16579105 2.24243533
1.00837435 3.15665015 2.10443343
1.04819485 3.14458455 1.96536535
1.08669977 3.12969534 1.82565561
1.12381548 3.11210441 1.68572322
1.15948193 3.09195181 1.54597590
1.19365276 3.06939281 1.40680504
1.22629512 3.04459479 1.26858116
1.25738923 3.01773414 1.13165030
1.28692761 2.98899316 0.99633105
1.31491429 2.95855714 0.86291250
1.34136367 2.92661165 0.73165291
1.36629950 2.89334012 0.60277919
1.38975360 2.85892168 0.47648695
1.41176471 2.82352941 0.35294118
1.43237731 2.78732882 0.23227740
1.45164049 2.75047673 0.11460320
1.46960689 2.71312041 0.00000000
0.00000000 2.79046673 4.29882713
0.03821501 2.82791075 4.24186613
0.07742580 2.86475462 4.18099323
0.11760185 2.90084572 4.11606487
0.15870392 2.93602252 4.04694996
0.20068349 2.97011562 3.97353306
0.24348235 3.00294901 3.89571763
0.28703233 3.03434176 3.81342951
0.33125513 3.06410996 3.72662022
0.37606244 3.09206896 3.63527026
0.42135621 3.11803596 3.53939217
0.46702919 3.14183276 3.43903316
0.51296574 3.16328873 3.33427731
0.55904284 3.18224385 3.22524714
0.60513141 3.19855175 3.11210441
0.65109784 3.21208270 2.99505009
0.69680569 3.22272632 2.87432347
0.74211754 3.23039401 2.75020030
0.78689699 3.23502098 2.62298998
0.83101063 3.23656772 2.49303190
0.87432999 3.23502098 2.36069098
0.91673343 3.23039401 2.22635263
0.95810782 3.22272632 2.09041707
0.99835003 3.21208270 1.95329353
1.03736814 3.19855175 1.81539424
1.07508238 3.18224385 1.67712851
1.11142577 3.16328873 1.53889722
1.14634439 3.14183276 1.40108758
1.17979739 3.11803596 1.26406863
1.21175675 3.09206896 1.12818732
1.24220674 3.06410996 0.99376539
1.27114317 3.03434176 0.86109699
1.29857254 3.00294901 0.73044706
1.32451102 2.97011562 0.60205046
1.34898332 2.93602252 0.47611176
1.37202162 2.90084572 0.35280556
1.39366441 2.86475462 0.23227740
1.41395538 2.82791075 0.11464503
1.43294238 2.79046673 0.00000000
0.00000000 2.86588475 4.18570010
0.03820107 2.90328099 4.12571509
0.07736785 2.93997819 4.06181197
0.11746655 2.97581925 3.99386267
0.15845468 3.01063891 3.92175332
0.20028059 3.04426496 3.84538732
0.24288313 3.07651968 3.76468856
0.28619147 3.10722168 3.67960462
0.33012505 3.13618793 3.59010987
0.37459376 3.16323620 3.49620843
0.41949837 3.18818761 3.39793680
0.46473112 3.21086954 3.29536610
0.51017660 3.23111846 3.18860375
0.55571289 3.24878302 3.07779444
0.60121285 3.26372691 2.96312048
0.64654572 3.27583164 2.84480116
0.69157876 3.28499910 2.72309136
0.73617911 3.29115367 2.59827921
0.78021567 3.29424395 2.47068296
0.82356099 3.29424395 2.34064702
0.86609307 3.29115367 2.20853733
0.90769712 3.28499910 2.07473627
0.94826705 3.27583164 1.93963715
0.98770683 3.26372691 1.80363855
1.02593148 3.24878302 1.66713866
1.06286792 3.23111846 1.53052980
1.09845537 3.21086954 1.39419335
1.13264560 3.18818761 1.25849511
1.16540281 3.16323620 1.12378128
1.19670329 3.13618793 0.99037514
1.22653487 3.10722168 0.85857441
1.25489619 3.07651968 0.72864940
1.28179577 3.04426496 0.60084177
1.30725111 3.01063891 0.47536404
1.33128756 2.97581925 0.35239965
1.35393732 2.93997819 0.23210354
1.37523836 2.90328099 0.11460320
1.39523337 2.86588475 0.00000000
0.00000000 2.93921378 4.06968062
0.03815932 2.97642723 4.00672896
0.07725233 3.01284085 3.93986881
0.11724208 3.04829399 3.86898852
0.15808301 3.08261870 3.79399225
0.19972059 3.11564115 3.71480291
0.24209101 3.14718317 3.63136520
0.28512115 3.17706422 3.54364855
0.32872857 3.20510357 3.45165000
0.37282186 3.23112278 3.35539674
0.41730107 3.25494834 3.25494834
0.46205845 3.27641449 3.15039855
0.50697940 3.29536610 3.04187640
0.55194359 3.31166156 2.92954677
0.59682638 3.32517554 2.81361007
0.64150030 3.33580156 2.69430126
0.68583677 3.34345424 2.57188788
0.72970783 3.34807121 2.44666742
0.77298795 3.34961446 2.31896386
0.81555581 3.34807121 2.18912348
0.85729596 3.34345424 2.05751030
0.89810042 3.33580156 1.92450090
0.93787002 3.32517554 1.79047914
0.97651559 3.31166156 1.65583078
1.01395880 3.29536610 1.52093820
1.05013285 3.27641449 1.38617536
1.08498278 3.25494834 1.25190321
1.11846558 3.23112278 1.11846558
1.15055000 3.20510357 0.98618571
1.18121618 3.17706422 0.85536344
1.21045507 3.14718317 0.72627304
1.23826764 3.11564115 0.59916176
1.26466408 3.08261870 0.47424903
1.28966284 3.04829399 0.35172623
1.31328960 3.01284085 0.23175699
1.33557632 2.97642723 0.11447797
1.35656021 2.93921378 0.00000000
0.00000000 3.01030678 3.95102765
0.03809006 3.04720449 3.88518572
0.07708002 3.08320077 3.81546095
0.11692997 3.11813241 3.74175889
0.15759150 3.15182992 3.66400228
0.19900744 3.18411901 3.58213388
0.24111168 3.21482235 3.49611931
0.28382914 3.24376160 3.40594968
0.32707597 3.27075966 3.31164416
0.37075986 3.29564323 3.21325215
0.41478068 3.31824542 3.11085508
0.45903118 3.33840856 3.00456770
0.50339804 3.35598696 2.89453875
0.54776307 3.37084969 2.78095099
0.59200454 3.38288310 2.66402044
0.63599873 3.39199322 2.54399491
0.67962153 3.39810767 2.42115172
0.72275018 3.40117733 2.29579470
0.76526490 3.40117733 2.16825055
0.80705057 3.39810767 2.03886460
0.84799830 3.39199322 1.90799618
0.88800681 3.38288310 1.77601363
0.92698366 3.37084969 1.64328922
0.96484625 3.35598696 1.51019413
1.00152257 3.33840856 1.37709353
1.03695169 3.31824542 1.24434203
1.07108405 3.29564323 1.11227959
1.10388139 3.27075966 0.98122790
1.13531656 3.24376160 0.85148742
1.16537310 3.21482235 0.72333503
1.19404463 3.18411901 0.59702231
1.22133409 3.15182992 0.47277449
1.24725296 3.11813241 0.35078990
1.27182032 3.08320077 0.23124006
1.29506191 3.04720449 0.11427017
1.31700922 3.01030678 0.00000000
0.00000000 3.07903184 3.83001522
0.03799371 3.11548443 3.76137754
0.07685206 3.15093428 3.68889867
0.11653232 3.18521670 3.61250187
0.15698350 3.21816178 3.53212879
0.19814610 3.24959603 3.44774213
0.23995201 3.27934420 3.35932820
0.28232463 3.30723141 3.26689932
0.32517907 3.33308549 3.17049596
0.36842263 3.35673950 3.07018856
0.41195540 3.37803431 2.96607891
0.45567116 3.39682139 2.85830092
0.49945835 3.41296537 2.74702091
0.54320130 3.42634668 2.63243709
0.58678164 3.43686389 2.51477845
0.63007971 3.44443575 2.39430290
0.67297619 3.44900296 2.27129463
0.71535366 3.45052940 2.14606097
0.75709821 3.44900296 2.01892856
0.79810097 3.44443575 1.89023913
0.83825948 3.43686389 1.76034492
0.87747903 3.42634668 1.62960391
0.91567364 3.41296537 1.49837504
0.95276697 3.39682139 1.36701349
0.98869297 3.37803431 1.23586621
1.02339619 3.35673950 1.10526788
1.05683199 3.33308549 0.97553722
1.08896644 3.30723141 0.84697390
1.11977607 3.27934420 0.71985604
1.14924738 3.24959603 0.59443830
1.17737626 3.21816178 0.47095050
1.20416729 3.18521670 0.34959695
1.22963289 3.15093428 0.23055617
1.25379251 3.11548443 0.11398114
1.27667174 3.07903184 0.00000000
0.00000000 3.14527336 3.70692931
0.03787091 3.18115642 3.63560734
0.07656993 3.21593686 3.56050153
0.11605177 3.24944958 3.48155312
0.15626311 3.28152541 3.39872274
0.19714243 3.31199284 3.31199284
0.23861999 3.34067992 3.22136993
0.28061804 3.36741648 3.12688673
0.32305109 3.39203643 3.02860395
0.36582646 3.41438026 2.92661165
0.40884496 3.43429765 2.82103021
0.45200179 3.45165000 2.71201071
0.49518757 3.46631298 2.59973473
0.53828959 3.47817887 2.48441348
0.58119312 3.48715869 2.36628626
0.62378286 3.49318402 2.24561830
0.66594446 3.49620843 2.12269797
0.70756599 3.49620843 1.99783339
0.74853943 3.49318402 1.87134858
0.78876209 3.48715869 1.74357935
0.82813783 3.47817887 1.61486876
0.86657824 3.46631298 1.48556271
0.90400357 3.45165000 1.35600536
0.94034340 3.43429765 1.22653487
0.97553722 3.41438026 1.09747937
1.00953465 3.39203643 0.96915327
1.04229558 3.36741648 0.84185412
1.07378998 3.34067992 0.71585998
1.10399761 3.31199284 0.59142729
1.13290758 3.28152541 0.46878934
1.16051771 3.24944958 0.34815531
1.18683384 3.21593686 0.22970978
1.21186911 3.18115642 0.11361273
1.23564310 3.14527336 0.00000000
0.00000000 3.20893289 3.58206462
0.03772242 3.24412832 3.50818528
0.07623544 3.27812373 3.43059460
0.11549144 3.31075470 3.34925185
0.15543507 3.34185396 3.26413643
0.19600309 3.37125313 3.17525004
0.23712452 3.39878472 3.08261870
0.27872082 3.42428436 2.98629450
0.32070633 3.44759307 2.88635699
0.36298881 3.46855977 2.78291423
0.40547020 3.48704372 2.67610332
0.44804752 3.50291696 2.56609033
0.49061395 3.51606664 2.45306975
0.53306004 3.52639718 2.33726325
0.57527500 3.53383214 2.21891786
0.61714810 3.53831575 2.09830353
0.65857006 3.53981409 1.97571019
0.69943451 3.53831575 1.85144429
0.73963929 3.53383214 1.72582500
0.77908775 3.52639718 1.59918012
0.81768992 3.51606664 1.47184185
0.85536344 3.50291696 1.34414255
0.89203444 3.48704372 1.21641060
0.92763808 3.46855977 1.08896644
0.96211900 3.44759307 0.96211900
0.99543150 3.42428436 0.83616246
1.02753957 3.39878472 0.71137355
1.05841668 3.37125313 0.58800927
1.08804548 3.34185396 0.46630520
1.11641728 3.31075470 0.34647433
1.14353153 3.27812373 0.22870631
1.16939509 3.24412832 0.11316727
1.19402154 3.20893289 0.00000000
0.00000000 3.26992973 3.45572119
0.03754917 3.30432685 3.37942519
0.07585068 3.33743006 3.29950472
0.11485489 3.36907671 3.21593686
0.15450466 3.39910250 3.12871935
0.19473541 3.42734326 3.03787244
0.23547525 3.45363704 2.94344066
0.27664527 3.47782623 2.84549419
0.31815999 3.49975992 2.74412994
0.35992802 3.51929621 2.63947216
0.40185279 3.53630459 2.53167260
0.44383352 3.55066819 2.42091013
0.48576627 3.56228595 2.30738976
0.52754510 3.57107450 2.19134117
0.56906338 3.57696980 2.07301659
0.61021507 3.57992842 1.95268823
0.65089608 3.57992842 1.83064521
0.69100553 3.57696980 1.70719013
0.73044706 3.57107450 1.58263529
0.76912992 3.56228595 1.45729880
0.80697004 3.55066819 1.33150057
0.84389087 3.53630459 1.20555838
0.87982405 3.51929621 1.07978406
0.91470998 3.49975992 0.95447998
0.94849806 3.47782623 0.82993580
0.98114689 3.45363704 0.70642576
1.01262415 3.42734326 0.58420624
1.04290645 3.39910250 0.46351398
1.07197895 3.36907671 0.34456466
1.09983491 3.33743006 0.22755205
1.12647506 3.30432685 0.11264751
1.15190706 3.26992973 0.00000000
0.00000000 3.32820118 3.32820118
0.03735220 3.36169771 3.24964112
0.07541802 3.39381089 3.16755683
0.11414603 3.42438087 3.08194279
0.15347766 3.45324734 2.99281436
0.19334730 3.48025136 2.90020947
0.23368250 3.50523743 2.80418994
0.27440432 3.52805560 2.70484263
0.31542789 3.54856375 2.60228008
0.35666298 3.56662979 2.49664085
0.39801488 3.58213388 2.38808926
0.43938529 3.59497056 2.27681469
0.48067341 3.60505061 2.16303037
0.52177707 3.61230278 2.04697158
0.56259391 3.61667515 1.92889341
0.60302269 3.61813613 1.80906807
0.64296447 3.61667515 1.68778174
0.68232386 3.61230278 1.56533120
0.72101012 3.60505061 1.44202024
0.75893823 3.59497056 1.31815587
0.79602975 3.58213388 1.19404463
0.83221362 3.56662979 1.06998894
0.86742669 3.54856375 0.94628367
0.90161421 3.52805560 0.82321297
0.93472998 3.50523743 0.70104749
0.96673649 3.48025136 0.58004189
0.99760479 3.45324734 0.46043298
1.02731426 3.42438087 0.34243809
1.05585228 3.39381089 0.22625406
1.08321371 3.36169771 0.11205659
1.10940039 3.32820118 0.00000000
0.00000000 3.38370241 3.19980554
0.03713267 3.41620527 3.11914394
0.07494001 3.44724062 3.03507054
0.11336910 3.47665238 2.94759658
0.15236022 3.50428516 2.85675421
0.19184707 3.52998617 2.76259787
0.23175699 3.55360716 2.66520537
0.27201137 3.57500657 2.56467862
0.31252623 3.59405164 2.46114406
0.35321288 3.61062054 2.35475252
0.39397874 3.62460440 2.24567882
0.43472828 3.63590924 2.13412064
0.47536404 3.64445763 2.02029716
0.51578774 3.65019016 1.90444704
0.55590144 3.65306659 1.78682605
0.59560868 3.65306659 1.66770432
0.63481568 3.65019016 1.54736322
0.67343239 3.64445763 1.42609212
0.71137355 3.63590924 1.30418484
0.74855961 3.62460440 1.18193622
0.78491751 3.61062054 1.05963864
0.82038135 3.59405164 0.93757869
0.85489287 3.57500657 0.81603411
0.88840179 3.55360716 0.69527097
0.92086596 3.52998617 0.57554122
0.95225140 3.50428516 0.45708067
0.98253219 3.47665238 0.34010730
1.01169018 3.44724062 0.22482004
1.03971465 3.41620527 0.11139800
1.06660185 3.38370241 0.00000000
0.00000000 3.43640618 3.07083105
0.03689183 3.46783205 2.98823826
0.07441941 3.49771225 2.90235698
0.11252858 3.52589536 2.81321438
0.15115880 3.55223178 2.72085838
0.19024338 3.57657558 2.62535867
0.22970978 3.59878649 2.52680754
0.26948003 3.61873188 2.42532031
0.30947139 3.63628881 2.32103541
0.34959695 3.65134597 2.21411405
0.38976655 3.66380558 2.10473938
0.42988761 3.67358506 1.99311530
0.46986620 3.68061854 1.87946479
0.50960803 3.68485807 1.76402780
0.54901961 3.68627451 1.64705882
0.58800927 3.68485807 1.52882409
0.62648826 3.68061854 1.40959859
0.66437177 3.67358506 1.28966284
0.70157979 3.66380558 1.16929965
0.73803802 3.65134597 1.04879086
0.77367847 3.63628881 0.92841417
0.80844010 3.61873188 0.80844010
0.84226918 3.59878649 0.68912933
0.87511956 3.57657558 0.57073015
0.90695279 3.55223178 0.45347640
0.93773813 3.52589536 0.33758573
0.96745233 3.49771225 0.22325823
0.99607942 3.46783205 0.11067549
1.02361035 3.43640618 0.00000000
0.00000000 3.48630215 2.94156744
0.03663102 3.51657789 2.85721953
0.07385909 3.54523638 2.76971592
0.11162911 3.57213166 2.67909875
0.14988003 3.59712065 2.58543046
0.18854505 3.62006495 2.48879465
0.22755205 3.64083279 2.38929652
0.26682402 3.65930090 2.28706307
0.30627970 3.67535642 2.18224287
0.34583425 3.68889867 2.07500550
0.38540010 3.69984093 1.96554049
0.42488781 3.70811182 1.85405591
0.46420708 3.71365666 1.74077656
0.50326770 3.71643843 1.62594181
0.54198060 3.71643843 1.50980311
0.58025885 3.71365666 1.39262125
0.61801864 3.70811182 1.27466344
0.65518016 3.69984093 1.15620029
0.69166850 3.68889867 1.03750275
0.72741429 3.67535642 0.91883910
0.76235436 3.65930090 0.80047207
0.79643217 3.64083279 0.68265615
0.82959822 3.62006495 0.56563515
0.86181015 3.59712065 0.44964008
0.89303292 3.57213166 0.33488734
0.92323864 3.54523638 0.22157727
0.95240651 3.51657789 0.10989306
0.98052248 3.48630215 0.00000000
0.00000000 3.53339608 2.81229484
0.03635162 3.56245889 2.72637160
0.07326204 3.58983993 2.63743341
0.11067549 3.61539937 2.54553629
0.14853066 3.63900127 2.45075596
0.18676098 3.66051529 2.35318840
0.22529501 3.67981854 2.25295013
0.26405696 3.69679739 2.15017807
0.30296728 3.71134916 2.04502913
0.34194341 3.72338383 1.93767934
0.38090056 3.73282550 1.82832269
0.41975256 3.73961370 1.71716955
0.45841279 3.74370443 1.60444476
0.49679513 3.74507100 1.49038540
0.53481492 3.74370443 1.37523836
0.57238985 3.73961370 1.25925767
0.60944090 3.73282550 1.14270168
0.64589311 3.72338383 1.02583024
0.68167638 3.71134916 0.90890184
0.71672602 3.69679739 0.79217087
0.75098338 3.67981854 0.67588504
0.78439613 3.66051529 0.56028295
0.81691865 3.63900127 0.44559199
0.84851210 3.61539937 0.33202647
0.87914447 3.58983993 0.21978612
0.90879053 3.56245889 0.10905486
0.93743161 3.53339608 0.00000000
0.00000000 3.57770876 2.68328157
0.03605506 3.60550621 2.59596447
0.07263129 3.63156474 2.50577967
0.10967254 3.65575125 2.41279583
0.14711750 3.67793740 2.31710056
0.18490007 3.69800131 2.21880078
0.22294975 3.71582924 2.11802267
0.26119221 3.73131731 2.01491135
0.29954984 3.74437304 1.90963025
0.33794252 3.75491688 1.80236010
0.37628835 3.76288347 1.69329756
0.41450451 3.76822279 1.58265357
0.45250812 3.77090099 1.47065139
0.49021713 3.77090099 1.35752436
0.52755119 3.76822279 1.24351352
0.56443252 3.76288347 1.12886504
0.60078670 3.75491688 1.01382756
0.63654342 3.74437304 0.89864953
0.67163712 3.73131731 0.78357663
0.70600756 3.71582924 0.66884926
0.73960026 3.69800131 0.55470020
0.77236685 3.67793740 0.44135249
0.80426528 3.65575125 0.32901761
0.83525989 3.63156474 0.21789388
0.86532149 3.60550621 0.10816519
0.89442719 3.57770876 0.00000000
0.00000000 3.61927481 2.55478222
0.03574279 3.64576468 2.46625258
0.07196992 3.67046607 2.37500745
0.10862509 3.69325304 2.28112688
0.14564726 3.71400524 2.18470897
0.18297105 3.73260949 2.08587001
0.22052714 3.74896136 1.98474425
0.25824281 3.76296669 1.88148335
0.29604260 3.77454310 1.77625558
0.33384893 3.78362121 1.66924465
0.37158292 3.79014583 1.56064828
0.40916515 3.79407683 1.45067644
0.44651646 3.79538989 1.33954937
0.48355881 3.79407683 1.22749545
0.52021609 3.79014583 1.11474877
0.55641488 3.78362121 1.00154679
0.59208519 3.77454310 0.88812779
0.62716112 3.76296669 0.77472844
0.66158142 3.74896136 0.66158142
0.69529000 3.73260949 0.54891316
0.72823632 3.71400524 0.43694179
0.76037563 3.69325304 0.32587527
0.79166915 3.67046607 0.21590977
0.82208419 3.64576468 0.10722837
0.85159407 3.61927481 0.00000000
0.00000000 3.65814135 2.42703609
0.03541626 3.68329137 2.33747337
0.07128098 3.70661095 2.24535087
0.10753793 3.72798172 2.15075869
0.14412660 3.74729157 2.05380403
0.18098251 3.76443613 1.95461107
0.21803771 3.77932028 1.85332052
0.25522131 3.79185954 1.75008902
0.29246010 3.80198130 1.64508806
0.32967918 3.80962604 1.53850283
0.36680271 3.81474823 1.43053059
0.40375469 3.81731709 1.32137899
0.44045966 3.81731709 1.21126408
0.47684353 3.81474823 1.10040814
0.51283428 3.80962604 0.98903753
0.54836269 3.80198130 0.87738030
0.58336301 3.79185954 0.76566394
0.61777351 3.77932028 0.65411313
0.65153702 3.76443613 0.54294752
0.68460134 3.74729157 0.43237980
0.71691956 3.72798172 0.32261380
0.74845029 3.70661095 0.21384294
0.77915779 3.68329137 0.10624879
0.80901203 3.65814135 0.00000000
0.00000000 3.69436665 2.30026603
0.03507692 3.71815402 2.20984626
0.07056748 3.74007661 2.11702450
0.10641577 3.76002383 2.02189960
0.14256196 3.77789193 1.92458646
0.17894271 3.79358543 1.82521563
0.21549161 3.80701842 1.72393287
0.25213972 3.81811582 1.62089823
0.28881619 3.82681455 1.51628501
0.32544887 3.83306446 1.41027843
0.36196501 3.83682913 1.30307404
0.39829199 3.83808649 1.19487598
0.43435801 3.83682913 1.08589504
0.47009281 3.83306446 0.97634661
0.50542834 3.82681455 0.86644858
0.54029941 3.81811582 0.75641917
0.57464429 3.80701842 0.64647483
0.60840521 3.79358543 0.53682813
0.64152882 3.77789193 0.42768588
0.67396653 3.76002383 0.31924731
0.70567483 3.74007661 0.21170245
0.73661542 3.71815402 0.10523077
0.76675534 3.69436665 0.00000000
0.00000000 3.72801869 2.17467757
0.03472620 3.75042958 2.08357199
0.06983239 3.77094880 1.99022298
0.10526316 3.78947368 1.89473684
0.14095959 3.80590890 1.79723476
0.17685962 3.82016774 1.69785233
0.21289852 3.83217333 1.59673889
0.24900943 3.84185972 1.49405656
0.28512392 3.84917291 1.38997911
0.32117264 3.85407164 1.28469055
0.35708593 3.85652803 1.17838356
0.39279452 3.85652803 1.07125779
0.42823018 3.85407164 0.96351791
0.46332637 3.84917291 0.85537176
0.49801885 3.84185972 0.74702828
0.53224630 3.83217333 0.63869555
0.56595078 3.82016774 0.53057885
0.59907825 3.80590890 0.42287877
0.63157895 3.78947368 0.31578947
0.66340766 3.77094880 0.20949716
0.69452400 3.75042958 0.10417860
0.72489252 3.72801869 0.00000000
0.00000000 3.75917369 2.05045838
0.03436548 3.78020265 1.95883228
0.06907855 3.79932027 1.86512086
0.10408450 3.81643184 1.76943658
0.13932547 3.83145040 1.67190563
0.17474081 3.84429785 1.57266730
0.21026760 3.85490608 1.47187323
0.24584114 3.86321792 1.36968635
0.28139549 3.86918797 1.26627970
0.31686409 3.87278331 1.16183499
0.35218036 3.87398399 1.05654109
0.38727833 3.87278331 0.95059227
0.42209323 3.86918797 0.84418647
0.45656212 3.86321792 0.73752342
0.49062441 3.85490608 0.63080281
0.52422243 3.84429785 0.52422243
0.55730188 3.83145040 0.41797641
0.58981219 3.81643184 0.31225351
0.62170695 3.79932027 0.20723565
0.65294409 3.78020265 0.10309644
0.68348613 3.75917369 0.00000000
0.00000000 3.78791480 1.92777807
0.03399611 3.80756406 1.83578981
0.06830874 3.82528921 1.74187277
0.10288402 3.84100350 1.64614436
0.13766529 3.85462814 1.54873452
0.17259346 3.86609345 1.44978504
0.20760749 3.87533973 1.34944866
0.24264488 3.88231814 1.24788797
0.27764224 3.88699141 1.14527425
0.31253580 3.88933438 1.04178599
0.34726200 3.88933438 0.93760740
0.38175808 3.88699141 0.83292673
0.41596266 3.88231814 0.72793465
0.44981622 3.87533973 0.62282246
0.48326168 3.86609345 0.51778037
0.51624484 3.85462814 0.41299587
0.54871479 3.84100350 0.30865207
0.58062426 3.82528921 0.20492621
0.61192994 3.80756406 0.10198832
0.64259269 3.78791480 0.00000000
0.00000000 3.81433066 1.80678821
0.03361938 3.83260945 1.71458844
0.06752558 3.84895792 1.62061386
0.10166571 3.86329712 1.52498570
0.13598443 3.87555627 1.42783652
0.17042429 3.88567377 1.32930945
0.20492621 3.89359795 1.22955725
0.23942996 3.89928785 1.12874122
0.27387465 3.90271379 1.02702994
0.30819930 3.90385778 0.92459789
0.34234331 3.90271379 0.82162396
0.37624707 3.89928785 0.71828987
0.40985242 3.89359795 0.61477862
0.44310315 3.88567377 0.51127286
0.47594551 3.87555627 0.40795329
0.50832857 3.86329712 0.30499714
0.54020462 3.84895792 0.20257673
0.57152948 3.83260945 0.10085814
0.60226274 3.81433066 0.00000000
0.00000000 3.83851418 1.68762261
0.03323653 3.85543799 1.59535365
0.06673158 3.87043142 1.50146046
0.10043336 3.88342311 1.40606699
0.13428793 3.89435004 1.30930734
0.16823958 3.90315831 1.21132499
0.20223123 3.90980387 1.11227179
0.23620493 3.91425315 1.01230685
0.27010231 3.91648350 0.91159530
0.30386510 3.91648350 0.81030693
0.33743562 3.91425315 0.70861479
0.37075726 3.90980387 0.60669370
0.40377500 3.90315831 0.50471875
0.43643578 3.89435004 0.40286380
0.46868900 3.88342311 0.30130007
0.50048682 3.87043142 0.20019473
0.53178455 3.85543799 0.09970960
0.56254087 3.83851418 0.00000000
0.00000000 3.86056131 1.57039782
0.03284874 3.87615120 1.47819326
0.06592909 3.88981632 1.38451089
0.09919049 3.90149270 1.28947640
0.13258050 3.91112470 1.19322449
0.16604516 3.91866579 1.09589806
0.19952944 3.92407906 0.99764722
0.23297767 3.92733781 0.89862814
0.26633396 3.92842587 0.79900187
0.29954271 3.92733781 0.69893300
0.33254907 3.92407906 0.59858833
0.36529935 3.91866579 0.49813548
0.39774150 3.91112470 0.39774150
0.42982547 3.90149270 0.29757148
0.46150363 3.88981632 0.19778727
0.49273109 3.87615120 0.09854622
0.52346594 3.86056131 0.00000000
0.00000000 3.88057000 1.45521375
0.03245710 3.89485185 1.36319815
0.06512033 3.90721976 1.26984642
0.09794042 3.91761685 1.17528506
0.13086649 3.92599455 1.07964850
0.16384638 3.93231322 0.98307830
0.19682713 3.93654265 0.88572210
0.22975531 3.93866249 0.78773250
0.26257750 3.93866249 0.68926594
0.29524070 3.93654265 0.59048140
0.32769277 3.93231322 0.49153915
0.35988283 3.92599455 0.39259946
0.39176169 3.91761685 0.29382126
0.42328214 3.90721976 0.19536099
0.45439938 3.89485185 0.09737130
0.48507125 3.88057000 0.00000000
0.00000000 3.89863916 1.34215446
0.03206265 3.91164299 1.25044325
0.06430735 3.92274847 1.15753233
0.09668620 3.93190546 1.06354820
0.12914990 3.93907207 0.96862428
0.16164816 3.94421513 0.87290007
0.19413003 3.94731066 0.77652013
0.22654433 3.94834412 0.67963300
0.25884004 3.94731066 0.58239010
0.29096669 3.94421513 0.48494448
0.32287476 3.93907207 0.38744971
0.35451607 3.93190546 0.29005860
0.38584411 3.92274847 0.19292206
0.41681442 3.91164299 0.09618794
0.44738482 3.89863916 0.00000000
0.00000000 3.91486780 1.23128907
0.03166635 3.92662713 1.13998852
0.06349206 3.93650794 1.04761905
0.09543064 3.94446652 0.95430641
0.12743443 3.95046723 0.86018238
0.15945496 3.95448295 0.76538380
0.19144333 3.95649541 0.67005164
0.22335055 3.95649541 0.57432998
0.25512793 3.95448295 0.47836487
0.28672746 3.95046723 0.38230328
0.31810214 3.94446652 0.28629192
0.34920635 3.93650794 0.19047619
0.37999617 3.92662713 0.09499904
0.41042969 3.91486780 0.00000000
0.00000000 3.92935427 1.12267265
0.03126909 3.93990546 1.03188000
0.06267622 3.94860177 0.94014328
0.09417632 3.95540552 0.84758690
0.12572339 3.96028693 0.75434037
0.15727081 3.96322446 0.66053741
0.18877167 3.96420510 0.56631501
0.22017914 3.96322446 0.47181244
0.25144679 3.96028693 0.37717018
0.28252897 3.95540552 0.28252897
0.31338109 3.94860177 0.18802866
0.34396000 3.93990546 0.09380727
0.37422422 3.92935427 0.00000000
0.00000000 3.94219556 1.01634729
0.03087170 3.95157729 0.92615093
0.06186142 3.95913109 0.83512921
0.09292558 3.96482495 0.74340468
0.12401983 3.96863454 0.65110410
0.15509935 3.97054345 0.55835767
0.18611922 3.97054345 0.46529806
0.21703470 3.96863454 0.37205949
0.24780156 3.96482495 0.27877675
0.27837640 3.95913109 0.18558427
0.30871698 3.95157729 0.09261509
0.33878243 3.94219556 0.00000000
0.00000000 3.95348679 0.91234311
0.03047492 3.96173947 0.82282281
0.06104914 3.96819407 0.73258967
0.09168055 3.97282386 0.64176385
0.12232645 3.97560953 0.55046901
0.15294382 3.97653939 0.45883147
0.18348967 3.97560953 0.36697934
0.21392128 3.97282386 0.27504165
0.24419656 3.96819407 0.18314742
0.27427427 3.96173947 0.09142476
0.30411437 3.95348679 0.00000000
0.00000000 3.96332067 0.81067923
0.03007944 3.97048600 0.72190655
0.06024069 3.97588558 0.63252725
0.09044313 3.97949756 0.54265876
0.12064567 3.98130724 0.45242128
0.15080709 3.98130724 0.36193702
0.18088625 3.97949756 0.27132938
0.21084242 3.97588558 0.18072207
0.24063552 3.97048600 0.09023832
0.27022641 3.96332067 0.00000000
0.00000000 3.97178717 0.71136487
0.02968588 3.97790771 0.62340345
0.05943727 3.98229688 0.53493540
0.08921502 3.98493737 0.44607508
0.11897966 3.98581870 0.35693899
0.14869169 3.98493737 0.26764505
0.17831180 3.98229688 0.17831180
0.20780115 3.97790771 0.08905764
0.23712162 3.97178717 0.00000000
0.00000000 3.97897320 0.61440027
0.02929479 3.98409195 0.52730629
0.05863993 3.98751544 0.43979950
0.08799773 3.98923050 0.35199093
0.11733031 3.98923050 0.26399319
0.14659983 3.98751544 0.17591980
0.17576876 3.98409195 0.08788438
0.20480009 3.97897320 0.00000000
0.00000000 3.98496235 0.51977770
0.02890668 3.98912246 0.43360027
0.05784963 3.99162478 0.34709781
0.08679261 3.99245994 0.26037782
0.11569927 3.99162478 0.17354890
0.14453342 3.98912246 0.08672005
0.17325923 3.98496235 0.00000000
0.00000000 3.98983480 0.42748230
0.02852199 3.99307923 0.34226393
0.05706721 3.99470441 0.25680243
0.08560081 3.99470441 0.17120162
0.11408798 3.99307923 0.08556598
0.14249410 3.98983480 0.00000000
0.00000000 3.99366712 0.33749300
0.02814112 3.99603843 0.25327004
0.05629338 3.99682980 0.16888013
0.08442335 3.99603843 0.08442335
0.11249767 3.99366712 0.00000000
0.00000000 3.99653229 0.24978327
0.02776439 3.99807238 0.16658635
0.05552878 3.99807238 0.08329317
0.08326109 3.99653229 0.00000000
0.00000000 3.99849962 0.16432190
0.02739212 3.99924960 0.08217636
0.05477397 3.99849962 0.00000000
0.00000000 3.99963482 0.08107368
0.02702456 3.99963482 0.00000000
0.00000000 4.00000000 0.00000000
