0.00000000 1.00000000
0.00033344 0.99999989
0.00066689 0.99999956
0.00100033 0.99999900
0.00133378 0.99999822
0.00166722 0.99999722
0.00200067 0.99999600
0.00233411 0.99999455
0.00266756 0.99999288
0.00300100 0.99999099
0.00333444 0.99998888
0.00366789 0.99998655
0.00400133 0.99998399
0.00433478 0.99998121
0.00466822 0.99997821
0.00500167 0.99997498
0.00533511 0.99997154
0.00566856 0.99996787
0.00600200 0.99996398
0.00633545 0.99995986
0.00666889 0.99995553
0.00700233 0.99995097
0.00733578 0.99994619
0.00766922 0.99994118
0.00800267 0.99993596
0.00833611 0.99993051
0.00866956 0.99992484
0.00900300 0.99991895
0.00933645 0.99991283
0.00966989 0.99990649
0.01000333 0.99989993
0.01033678 0.99989315
0.01067022 0.99988615
0.01100367 0.99987892
0.01133711 0.99987147
0.01167056 0.99986380
0.01200400 0.99985590
0.01233745 0.99984779
0.01267089 0.99983945
0.01300433 0.99983089
0.01333778 0.99982210
0.01367122 0.99981310
0.01400467 0.99980387
0.01433811 0.99979442
0.01467156 0.99978475
0.01500500 0.99977485
0.01533845 0.99976473
0.01567189 0.99975439
0.01600534 0.99974383
0.01633878 0.99973304
0.01667222 0.99972204
0.01700567 0.99971081
0.01733911 0.99969936
0.01767256 0.99968768
0.01800600 0.99967578
0.01833945 0.99966366
0.01867289 0.99965132
0.01900634 0.99963876
0.01933978 0.99962597
0.01967322 0.99961296
0.02000667 0.99959973
0.02034011 0.99958628
0.02067356 0.99957260
0.02100700 0.99955871
0.02134045 0.99954459
0.02167389 0.99953024
0.02200734 0.99951568
0.02234078 0.99950089
0.02267422 0.99948588
0.02300767 0.99947065
0.02334111 0.99945519
0.02367456 0.99943952
0.02400800 0.99942362
0.02434145 0.99940749
0.02467489 0.99939115
0.02500834 0.99937458
0.02534178 0.99935779
0.02567523 0.99934078
0.02600867 0.99932355
0.02634211 0.99930609
0.02667556 0.99928841
0.02700900 0.99927051
0.02734245 0.99925239
0.02767589 0.99923405
0.02800934 0.99921548
0.02834278 0.99919669
0.02867623 0.99917767
0.02900967 0.99915844
0.02934311 0.99913898
0.02967656 0.99911930
0.03001000 0.99909940
0.03034345 0.99907928
0.03067689 0.99905893
0.03101034 0.99903836
0.03134378 0.99901757
0.03167723 0.99899655
0.03201067 0.99897532
0.03234411 0.99895386
0.03267756 0.99893218
0.03301100 0.99891027
0.03334445 0.99888815
0.03367789 0.99886580
0.03401134 0.99884323
0.03434478 0.99882044
0.03467823 0.99879742
0.03501167 0.99877418
0.03534512 0.99875072
0.03567856 0.99872704
0.03601200 0.99870314
0.03634545 0.99867901
0.03667889 0.99865466
0.03701234 0.99863009
0.03734578 0.99860529
0.03767923 0.99858028
0.03801267 0.99855504
0.03834612 0.99852958
0.03867956 0.99850389
0.03901300 0.99847799
0.03934645 0.99845186
0.03967989 0.99842551
0.04001334 0.99839893
0.04034678 0.99837214
0.04068023 0.99834512
0.04101367 0.99831788
0.04134712 0.99829042
0.04168056 0.99826273
0.04201400 0.99823482
0.04234745 0.99820669
0.04268089 0.99817834
0.04301434 0.99814977
0.04334778 0.99812097
0.04368123 0.99809195
0.04401467 0.99806271
0.04434812 0.99803324
0.04468156 0.99800356
0.04501501 0.99797365
0.04534845 0.99794352
0.04568189 0.99791316
0.04601534 0.99788259
0.04634878 0.99785179
0.04668223 0.99782077
0.04701567 0.99778953
0.04734912 0.99775806
0.04768256 0.99772637
0.04801601 0.99769446
0.04834945 0.99766233
0.04868289 0.99762998
0.04901634 0.99759740
0.04934978 0.99756460
0.04968323 0.99753158
0.05001667 0.99749833
0.05035012 0.99746487
0.05068356 0.99743118
0.05101701 0.99739727
0.05135045 0.99736313
0.05168389 0.99732878
0.05201734 0.99729420
0.05235078 0.99725940
0.05268423 0.99722437
0.05301767 0.99718913
0.05335112 0.99715366
0.05368456 0.99711797
0.05401801 0.99708206
0.05435145 0.99704592
0.05468489 0.99700956
0.05501834 0.99697298
0.05535178 0.99693618
0.05568523 0.99689916
0.05601867 0.99686191
0.05635212 0.99682444
0.05668556 0.99678675
0.05701901 0.99674883
0.05735245 0.99671070
0.05768590 0.99667234
0.05801934 0.99663376
0.05835278 0.99659495
0.05868623 0.99655593
0.05901967 0.99651668
0.05935312 0.99647721
0.05968656 0.99643751
0.06002001 0.99639760
0.06035345 0.99635746
0.06068690 0.99631710
0.06102034 0.99627652
0.06135378 0.99623571
0.06168723 0.99619469
0.06202067 0.99615344
0.06235412 0.99611196
0.06268756 0.99607027
0.06302101 0.99602835
0.06335445 0.99598621
0.06368790 0.99594385
0.06402134 0.99590127
0.06435478 0.99585846
0.06468823 0.99581543
0.06502167 0.99577218
0.06535512 0.99572871
0.06568856 0.99568501
0.06602201 0.99564109
0.06635545 0.99559695
0.06668890 0.99555259
0.06702234 0.99550801
0.06735579 0.99546320
0.06768923 0.99541817
0.06802267 0.99537292
0.06835612 0.99532744
0.06868956 0.99528174
0.06902301 0.99523582
0.06935645 0.99518968
0.06968990 0.99514332
0.07002334 0.99509673
0.07035679 0.99504992
0.07069023 0.99500289
0.07102367 0.99495564
0.07135712 0.99490816
0.07169056 0.99486046
0.07202401 0.99481254
0.07235745 0.99476440
0.07269090 0.99471603
0.07302434 0.99466745
0.07335779 0.99461864
0.07369123 0.99456960
0.07402467 0.99452035
0.07435812 0.99447087
0.07469156 0.99442117
0.07502501 0.99437125
0.07535845 0.99432110
0.07569190 0.99427074
0.07602534 0.99422015
0.07635879 0.99416934
0.07669223 0.99411830
0.07702568 0.99406705
0.07735912 0.99401557
0.07769256 0.99396387
0.07802601 0.99391194
0.07835945 0.99385980
0.07869290 0.99380743
0.07902634 0.99375484
0.07935979 0.99370202
0.07969323 0.99364899
0.08002668 0.99359573
0.08036012 0.99354225
0.08069356 0.99348855
0.08102701 0.99343462
0.08136045 0.99338048
0.08169390 0.99332611
0.08202734 0.99327152
0.08236079 0.99321670
0.08269423 0.99316166
0.08302768 0.99310641
0.08336112 0.99305092
0.08369456 0.99299522
0.08402801 0.99293929
0.08436145 0.99288315
0.08469490 0.99282677
0.08502834 0.99277018
0.08536179 0.99271337
0.08569523 0.99265633
0.08602868 0.99259907
0.08636212 0.99254158
0.08669557 0.99248388
0.08702901 0.99242595
0.08736245 0.99236780
0.08769590 0.99230943
0.08802934 0.99225083
0.08836279 0.99219202
0.08869623 0.99213298
0.08902968 0.99207372
0.08936312 0.99201423
0.08969657 0.99195453
0.09003001 0.99189460
0.09036345 0.99183445
0.09069690 0.99177407
0.09103034 0.99171348
0.09136379 0.99165266
0.09169723 0.99159162
0.09203068 0.99153035
0.09236412 0.99146887
0.09269757 0.99140716
0.09303101 0.99134523
0.09336445 0.99128308
0.09369790 0.99122070
0.09403134 0.99115811
0.09436479 0.99109529
0.09469823 0.99103224
0.09503168 0.99096898
0.09536512 0.99090549
0.09569857 0.99084178
0.09603201 0.99077785
0.09636546 0.99071370
0.09669890 0.99064932
0.09703234 0.99058472
0.09736579 0.99051990
0.09769923 0.99045486
0.09803268 0.99038959
0.09836612 0.99032411
0.09869957 0.99025840
0.09903301 0.99019246
0.09936646 0.99012631
0.09969990 0.99005993
0.10003334 0.98999333
0.10036679 0.98992651
0.10070023 0.98985946
0.10103368 0.98979220
0.10136712 0.98972471
0.10170057 0.98965699
0.10203401 0.98958906
0.10236746 0.98952090
0.10270090 0.98945253
0.10303434 0.98938392
0.10336779 0.98931510
0.10370123 0.98924605
0.10403468 0.98917679
0.10436812 0.98910729
0.10470157 0.98903758
0.10503501 0.98896765
0.10536846 0.98889749
0.10570190 0.98882711
0.10603535 0.98875651
0.10636879 0.98868568
0.10670223 0.98861463
0.10703568 0.98854336
0.10736912 0.98847187
0.10770257 0.98840016
0.10803601 0.98832822
0.10836946 0.98825606
0.10870290 0.98818368
0.10903635 0.98811108
0.10936979 0.98803825
0.10970323 0.98796520
0.11003668 0.98789193
0.11037012 0.98781844
0.11070357 0.98774472
0.11103701 0.98767078
0.11137046 0.98759662
0.11170390 0.98752224
0.11203735 0.98744763
0.11237079 0.98737281
0.11270423 0.98729776
0.11303768 0.98722248
0.11337112 0.98714699
0.11370457 0.98707127
0.11403801 0.98699533
0.11437146 0.98691917
0.11470490 0.98684279
0.11503835 0.98676618
0.11537179 0.98668935
0.11570524 0.98661230
0.11603868 0.98653502
0.11637212 0.98645753
0.11670557 0.98637981
0.11703901 0.98630187
0.11737246 0.98622371
0.11770590 0.98614532
0.11803935 0.98606671
0.11837279 0.98598788
0.11870624 0.98590883
0.11903968 0.98582955
0.11937312 0.98575006
0.11970657 0.98567034
0.12004001 0.98559040
0.12037346 0.98551023
0.12070690 0.98542984
0.12104035 0.98534923
0.12137379 0.98526840
0.12170724 0.98518735
0.12204068 0.98510607
0.12237412 0.98502457
0.12270757 0.98494285
0.12304101 0.98486091
0.12337446 0.98477874
0.12370790 0.98469635
0.12404135 0.98461374
0.12437479 0.98453091
0.12470824 0.98444786
0.12504168 0.98436458
0.12537513 0.98428108
0.12570857 0.98419736
0.12604201 0.98411341
0.12637546 0.98402924
0.12670890 0.98394485
0.12704235 0.98386024
0.12737579 0.98377541
0.12770924 0.98369035
0.12804268 0.98360507
0.12837613 0.98351957
0.12870957 0.98343385
0.12904301 0.98334790
0.12937646 0.98326173
0.12970990 0.98317534
0.13004335 0.98308873
0.13037679 0.98300189
0.13071024 0.98291483
0.13104368 0.98282755
0.13137713 0.98274005
0.13171057 0.98265233
0.13204401 0.98256438
0.13237746 0.98247621
0.13271090 0.98238782
0.13304435 0.98229920
0.13337779 0.98221036
0.13371124 0.98212131
0.13404468 0.98203202
0.13437813 0.98194252
0.13471157 0.98185279
0.13504502 0.98176284
0.13537846 0.98167267
0.13571190 0.98158228
0.13604535 0.98149166
0.13637879 0.98140082
0.13671224 0.98130976
0.13704568 0.98121848
0.13737913 0.98112698
0.13771257 0.98103525
0.13804602 0.98094330
0.13837946 0.98085113
0.13871290 0.98075873
0.13904635 0.98066611
0.13937979 0.98057327
0.13971324 0.98048021
0.14004668 0.98038693
0.14038013 0.98029342
0.14071357 0.98019969
0.14104702 0.98010574
0.14138046 0.98001157
0.14171390 0.97991717
0.14204735 0.97982255
0.14238079 0.97972771
0.14271424 0.97963265
0.14304768 0.97953736
0.14338113 0.97944185
0.14371457 0.97934612
0.14404802 0.97925017
0.14438146 0.97915399
0.14471490 0.97905760
0.14504835 0.97896098
0.14538179 0.97886413
0.14571524 0.97876707
0.14604868 0.97866978
0.14638213 0.97857227
0.14671557 0.97847454
0.14704902 0.97837659
0.14738246 0.97827841
0.14771591 0.97818001
0.14804935 0.97808139
0.14838279 0.97798255
0.14871624 0.97788348
0.14904968 0.97778419
0.14938313 0.97768468
0.14971657 0.97758495
0.15005002 0.97748499
0.15038346 0.97738481
0.15071691 0.97728441
0.15105035 0.97718379
0.15138379 0.97708295
0.15171724 0.97698188
0.15205068 0.97688059
0.15238413 0.97677908
0.15271757 0.97667734
0.15305102 0.97657539
0.15338446 0.97647321
0.15371791 0.97637081
0.15405135 0.97626818
0.15438479 0.97616534
0.15471824 0.97606227
0.15505168 0.97595898
0.15538513 0.97585546
0.15571857 0.97575173
0.15605202 0.97564777
0.15638546 0.97554359
0.15671891 0.97543918
0.15705235 0.97533456
0.15738580 0.97522971
0.15771924 0.97512464
0.15805268 0.97501935
0.15838613 0.97491383
0.15871957 0.97480810
0.15905302 0.97470214
0.15938646 0.97459596
0.15971991 0.97448955
0.16005335 0.97438292
0.16038680 0.97427608
0.16072024 0.97416900
0.16105368 0.97406171
0.16138713 0.97395419
0.16172057 0.97384646
0.16205402 0.97373850
0.16238746 0.97363031
0.16272091 0.97352191
0.16305435 0.97341328
0.16338780 0.97330443
0.16372124 0.97319536
0.16405468 0.97308606
0.16438813 0.97297654
0.16472157 0.97286680
0.16505502 0.97275684
0.16538846 0.97264666
0.16572191 0.97253625
0.16605535 0.97242562
0.16638880 0.97231477
0.16672224 0.97220369
0.16705569 0.97209240
0.16738913 0.97198088
0.16772257 0.97186914
0.16805602 0.97175717
0.16838946 0.97164499
0.16872291 0.97153258
0.16905635 0.97141995
0.16938980 0.97130710
0.16972324 0.97119402
0.17005669 0.97108072
0.17039013 0.97096720
0.17072357 0.97085346
0.17105702 0.97073950
0.17139046 0.97062531
0.17172391 0.97051090
0.17205735 0.97039627
0.17239080 0.97028141
0.17272424 0.97016634
0.17305769 0.97005104
0.17339113 0.96993552
0.17372457 0.96981977
0.17405802 0.96970381
0.17439146 0.96958762
0.17472491 0.96947121
0.17505835 0.96935457
0.17539180 0.96923772
0.17572524 0.96912064
0.17605869 0.96900334
0.17639213 0.96888582
0.17672558 0.96876807
0.17705902 0.96865010
0.17739246 0.96853191
0.17772591 0.96841350
0.17805935 0.96829487
0.17839280 0.96817601
0.17872624 0.96805693
0.17905969 0.96793763
0.17939313 0.96781810
0.17972658 0.96769836
0.18006002 0.96757839
0.18039346 0.96745820
0.18072691 0.96733778
0.18106035 0.96721715
0.18139380 0.96709629
0.18172724 0.96697521
0.18206069 0.96685391
0.18239413 0.96673238
0.18272758 0.96661063
0.18306102 0.96648866
0.18339446 0.96636647
0.18372791 0.96624406
0.18406135 0.96612142
0.18439480 0.96599856
0.18472824 0.96587548
0.18506169 0.96575217
0.18539513 0.96562865
0.18572858 0.96550490
0.18606202 0.96538092
0.18639547 0.96525673
0.18672891 0.96513231
0.18706235 0.96500768
0.18739580 0.96488281
0.18772924 0.96475773
0.18806269 0.96463243
0.18839613 0.96450690
0.18872958 0.96438115
0.18906302 0.96425517
0.18939647 0.96412898
0.18972991 0.96400256
0.19006335 0.96387592
0.19039680 0.96374906
0.19073024 0.96362197
0.19106369 0.96349467
0.19139713 0.96336714
0.19173058 0.96323939
0.19206402 0.96311141
0.19239747 0.96298322
0.19273091 0.96285480
0.19306435 0.96272615
0.19339780 0.96259729
0.19373124 0.96246821
0.19406469 0.96233890
0.19439813 0.96220937
0.19473158 0.96207961
0.19506502 0.96194964
0.19539847 0.96181944
0.19573191 0.96168902
0.19606536 0.96155838
0.19639880 0.96142751
0.19673224 0.96129642
0.19706569 0.96116511
0.19739913 0.96103358
0.19773258 0.96090183
0.19806602 0.96076985
0.19839947 0.96063765
0.19873291 0.96050523
0.19906636 0.96037259
0.19939980 0.96023972
0.19973324 0.96010663
0.20006669 0.95997332
0.20040013 0.95983979
0.20073358 0.95970603
0.20106702 0.95957205
0.20140047 0.95943785
0.20173391 0.95930343
0.20206736 0.95916878
0.20240080 0.95903392
0.20273424 0.95889883
0.20306769 0.95876351
0.20340113 0.95862798
0.20373458 0.95849222
0.20406802 0.95835624
0.20440147 0.95822004
0.20473491 0.95808362
0.20506836 0.95794697
0.20540180 0.95781010
0.20573525 0.95767301
0.20606869 0.95753570
0.20640213 0.95739816
0.20673558 0.95726040
0.20706902 0.95712242
0.20740247 0.95698422
0.20773591 0.95684579
0.20806936 0.95670714
0.20840280 0.95656827
0.20873625 0.95642918
0.20906969 0.95628986
0.20940313 0.95615033
0.20973658 0.95601057
0.21007002 0.95587059
0.21040347 0.95573038
0.21073691 0.95558995
0.21107036 0.95544930
0.21140380 0.95530843
0.21173725 0.95516734
0.21207069 0.95502602
0.21240413 0.95488448
0.21273758 0.95474272
0.21307102 0.95460074
0.21340447 0.95445853
0.21373791 0.95431610
0.21407136 0.95417345
0.21440480 0.95403058
0.21473825 0.95388749
0.21507169 0.95374417
0.21540514 0.95360063
0.21573858 0.95345687
0.21607202 0.95331288
0.21640547 0.95316867
0.21673891 0.95302424
0.21707236 0.95287959
0.21740580 0.95273472
0.21773925 0.95258962
0.21807269 0.95244430
0.21840614 0.95229876
0.21873958 0.95215300
0.21907302 0.95200701
0.21940647 0.95186080
0.21973991 0.95171437
0.22007336 0.95156772
0.22040680 0.95142084
0.22074025 0.95127374
0.22107369 0.95112642
0.22140714 0.95097888
0.22174058 0.95083112
0.22207402 0.95068313
0.22240747 0.95053492
0.22274091 0.95038649
0.22307436 0.95023783
0.22340780 0.95008895
0.22374125 0.94993985
0.22407469 0.94979053
0.22440814 0.94964099
0.22474158 0.94949122
0.22507503 0.94934123
0.22540847 0.94919102
0.22574191 0.94904059
0.22607536 0.94888993
0.22640880 0.94873905
0.22674225 0.94858795
0.22707569 0.94843663
0.22740914 0.94828508
0.22774258 0.94813332
0.22807603 0.94798133
0.22840947 0.94782911
0.22874291 0.94767668
0.22907636 0.94752402
0.22940980 0.94737114
0.22974325 0.94721804
0.23007669 0.94706472
0.23041014 0.94691117
0.23074358 0.94675740
0.23107703 0.94660341
0.23141047 0.94644919
0.23174391 0.94629476
0.23207736 0.94614010
0.23241080 0.94598522
0.23274425 0.94583011
0.23307769 0.94567479
0.23341114 0.94551924
0.23374458 0.94536347
0.23407803 0.94520748
0.23441147 0.94505126
0.23474491 0.94489482
0.23507836 0.94473816
0.23541180 0.94458128
0.23574525 0.94442418
0.23607869 0.94426685
0.23641214 0.94410930
0.23674558 0.94395153
0.23707903 0.94379354
0.23741247 0.94363532
0.23774592 0.94347688
0.23807936 0.94331822
0.23841280 0.94315933
0.23874625 0.94300023
0.23907969 0.94284090
0.23941314 0.94268135
0.23974658 0.94252158
0.24008003 0.94236158
0.24041347 0.94220136
0.24074692 0.94204092
0.24108036 0.94188026
0.24141380 0.94171937
0.24174725 0.94155827
0.24208069 0.94139694
0.24241414 0.94123539
0.24274758 0.94107361
0.24308103 0.94091161
0.24341447 0.94074940
0.24374792 0.94058695
0.24408136 0.94042429
0.24441480 0.94026140
0.24474825 0.94009829
0.24508169 0.93993496
0.24541514 0.93977141
0.24574858 0.93960763
0.24608203 0.93944364
0.24641547 0.93927942
0.24674892 0.93911497
0.24708236 0.93895031
0.24741581 0.93878542
0.24774925 0.93862031
0.24808269 0.93845498
0.24841614 0.93828942
0.24874958 0.93812364
0.24908303 0.93795765
0.24941647 0.93779142
0.24974992 0.93762498
0.25008336 0.93745831
0.25041681 0.93729142
0.25075025 0.93712431
0.25108369 0.93695698
0.25141714 0.93678942
0.25175058 0.93662164
0.25208403 0.93645364
0.25241747 0.93628542
0.25275092 0.93611697
0.25308436 0.93594831
0.25341781 0.93577942
0.25375125 0.93561030
0.25408469 0.93544097
0.25441814 0.93527141
0.25475158 0.93510163
0.25508503 0.93493163
0.25541847 0.93476140
0.25575192 0.93459096
0.25608536 0.93442029
0.25641881 0.93424940
0.25675225 0.93407828
0.25708570 0.93390695
0.25741914 0.93373539
0.25775258 0.93356361
0.25808603 0.93339160
0.25841947 0.93321938
0.25875292 0.93304693
0.25908636 0.93287426
0.25941981 0.93270136
0.25975325 0.93252825
0.26008670 0.93235491
0.26042014 0.93218135
0.26075358 0.93200757
0.26108703 0.93183356
0.26142047 0.93165934
0.26175392 0.93148489
0.26208736 0.93131021
0.26242081 0.93113532
0.26275425 0.93096020
0.26308770 0.93078486
0.26342114 0.93060930
0.26375458 0.93043352
0.26408803 0.93025751
0.26442147 0.93008128
0.26475492 0.92990483
0.26508836 0.92972816
0.26542181 0.92955126
0.26575525 0.92937415
0.26608870 0.92919681
0.26642214 0.92901924
0.26675559 0.92884146
0.26708903 0.92866345
0.26742247 0.92848522
0.26775592 0.92830677
0.26808936 0.92812809
0.26842281 0.92794920
0.26875625 0.92777008
0.26908970 0.92759074
0.26942314 0.92741117
0.26975659 0.92723138
0.27009003 0.92705138
0.27042347 0.92687114
0.27075692 0.92669069
0.27109036 0.92651001
0.27142381 0.92632912
0.27175725 0.92614800
0.27209070 0.92596665
0.27242414 0.92578509
0.27275759 0.92560330
0.27309103 0.92542129
0.27342447 0.92523906
0.27375792 0.92505660
0.27409136 0.92487392
0.27442481 0.92469102
0.27475825 0.92450790
0.27509170 0.92432456
0.27542514 0.92414099
0.27575859 0.92395720
0.27609203 0.92377319
0.27642548 0.92358896
0.27675892 0.92340450
0.27709236 0.92321982
0.27742581 0.92303492
0.27775925 0.92284980
0.27809270 0.92266445
0.27842614 0.92247888
0.27875959 0.92229309
0.27909303 0.92210708
0.27942648 0.92192084
0.27975992 0.92173439
0.28009336 0.92154771
0.28042681 0.92136080
0.28076025 0.92117368
0.28109370 0.92098633
0.28142714 0.92079876
0.28176059 0.92061097
0.28209403 0.92042296
0.28242748 0.92023472
0.28276092 0.92004626
0.28309436 0.91985758
0.28342781 0.91966868
0.28376125 0.91947955
0.28409470 0.91929020
0.28442814 0.91910063
0.28476159 0.91891084
0.28509503 0.91872082
0.28542848 0.91853058
0.28576192 0.91834012
0.28609537 0.91814944
0.28642881 0.91795854
0.28676225 0.91776741
0.28709570 0.91757606
0.28742914 0.91738449
0.28776259 0.91719269
0.28809603 0.91700068
0.28842948 0.91680844
0.28876292 0.91661598
0.28909637 0.91642329
0.28942981 0.91623039
0.28976325 0.91603726
0.29009670 0.91584391
0.29043014 0.91565033
0.29076359 0.91545654
0.29109703 0.91526252
0.29143048 0.91506828
0.29176392 0.91487381
0.29209737 0.91467913
0.29243081 0.91448422
0.29276425 0.91428909
0.29309770 0.91409374
0.29343114 0.91389816
0.29376459 0.91370237
0.29409803 0.91350635
0.29443148 0.91331011
0.29476492 0.91311364
0.29509837 0.91291695
0.29543181 0.91272005
0.29576526 0.91252291
0.29609870 0.91232556
0.29643214 0.91212798
0.29676559 0.91193019
0.29709903 0.91173216
0.29743248 0.91153392
0.29776592 0.91133546
0.29809937 0.91113677
0.29843281 0.91093786
0.29876626 0.91073872
0.29909970 0.91053937
0.29943314 0.91033979
0.29976659 0.91013999
0.30010003 0.90993997
0.30043348 0.90973973
0.30076692 0.90953926
0.30110037 0.90933857
0.30143381 0.90913766
0.30176726 0.90893652
0.30210070 0.90873517
0.30243414 0.90853359
0.30276759 0.90833179
0.30310103 0.90812976
0.30343448 0.90792752
0.30376792 0.90772505
0.30410137 0.90752236
0.30443481 0.90731945
0.30476826 0.90711631
0.30510170 0.90691295
0.30543515 0.90670937
0.30576859 0.90650557
0.30610203 0.90630154
0.30643548 0.90609730
0.30676892 0.90589283
0.30710237 0.90568814
0.30743581 0.90548322
0.30776926 0.90527808
0.30810270 0.90507273
0.30843615 0.90486714
0.30876959 0.90466134
0.30910303 0.90445531
0.30943648 0.90424907
0.30976992 0.90404259
0.31010337 0.90383590
0.31043681 0.90362899
0.31077026 0.90342185
0.31110370 0.90321449
0.31143715 0.90300690
0.31177059 0.90279910
0.31210403 0.90259107
0.31243748 0.90238282
0.31277092 0.90217435
0.31310437 0.90196565
0.31343781 0.90175674
0.31377126 0.90154760
0.31410470 0.90133824
0.31443815 0.90112865
0.31477159 0.90091885
0.31510504 0.90070882
0.31543848 0.90049857
0.31577192 0.90028809
0.31610537 0.90007740
0.31643881 0.89986648
0.31677226 0.89965534
0.31710570 0.89944397
0.31743915 0.89923239
0.31777259 0.89902058
0.31810604 0.89880855
0.31843948 0.89859630
0.31877292 0.89838382
0.31910637 0.89817113
0.31943981 0.89795821
0.31977326 0.89774506
0.32010670 0.89753170
0.32044015 0.89731811
0.32077359 0.89710430
0.32110704 0.89689027
0.32144048 0.89667602
0.32177392 0.89646154
0.32210737 0.89624684
0.32244081 0.89603192
0.32277426 0.89581678
0.32310770 0.89560141
0.32344115 0.89538582
0.32377459 0.89517001
0.32410804 0.89495398
0.32444148 0.89473773
0.32477492 0.89452125
0.32510837 0.89430455
0.32544181 0.89408763
0.32577526 0.89387048
0.32610870 0.89365311
0.32644215 0.89343552
0.32677559 0.89321771
0.32710904 0.89299968
0.32744248 0.89278142
0.32777593 0.89256294
0.32810937 0.89234424
0.32844281 0.89212532
0.32877626 0.89190617
0.32910970 0.89168680
0.32944315 0.89146721
0.32977659 0.89124740
0.33011004 0.89102736
0.33044348 0.89080711
0.33077693 0.89058663
0.33111037 0.89036592
0.33144381 0.89014500
0.33177726 0.88992385
0.33211070 0.88970248
0.33244415 0.88948089
0.33277759 0.88925907
0.33311104 0.88903704
0.33344448 0.88881478
0.33377793 0.88859230
0.33411137 0.88836959
0.33444481 0.88814667
0.33477826 0.88792352
0.33511170 0.88770015
0.33544515 0.88747655
0.33577859 0.88725274
0.33611204 0.88702870
0.33644548 0.88680444
0.33677893 0.88657995
0.33711237 0.88635525
0.33744582 0.88613032
0.33777926 0.88590517
0.33811270 0.88567980
0.33844615 0.88545420
0.33877959 0.88522839
0.33911304 0.88500235
0.33944648 0.88477609
0.33977993 0.88454960
0.34011337 0.88432289
0.34044682 0.88409597
0.34078026 0.88386881
0.34111370 0.88364144
0.34144715 0.88341384
0.34178059 0.88318603
0.34211404 0.88295798
0.34244748 0.88272972
0.34278093 0.88250124
0.34311437 0.88227253
0.34344782 0.88204360
0.34378126 0.88181444
0.34411470 0.88158507
0.34444815 0.88135547
0.34478159 0.88112565
0.34511504 0.88089561
0.34544848 0.88066535
0.34578193 0.88043486
0.34611537 0.88020415
0.34644882 0.87997322
0.34678226 0.87974206
0.34711571 0.87951069
0.34744915 0.87927909
0.34778259 0.87904727
0.34811604 0.87881522
0.34844948 0.87858296
0.34878293 0.87835047
0.34911637 0.87811776
0.34944982 0.87788483
0.34978326 0.87765167
0.35011671 0.87741829
0.35045015 0.87718469
0.35078359 0.87695087
0.35111704 0.87671682
0.35145048 0.87648256
0.35178393 0.87624807
0.35211737 0.87601336
0.35245082 0.87577842
0.35278426 0.87554326
0.35311771 0.87530789
0.35345115 0.87507228
0.35378459 0.87483646
0.35411804 0.87460041
0.35445148 0.87436415
0.35478493 0.87412765
0.35511837 0.87389094
0.35545182 0.87365401
0.35578526 0.87341685
0.35611871 0.87317947
0.35645215 0.87294186
0.35678560 0.87270404
0.35711904 0.87246599
0.35745248 0.87222772
0.35778593 0.87198923
0.35811937 0.87175051
0.35845282 0.87151158
0.35878626 0.87127242
0.35911971 0.87103304
0.35945315 0.87079343
0.35978660 0.87055361
0.36012004 0.87031356
0.36045348 0.87007329
0.36078693 0.86983279
0.36112037 0.86959208
0.36145382 0.86935114
0.36178726 0.86910998
0.36212071 0.86886859
0.36245415 0.86862699
0.36278760 0.86838516
0.36312104 0.86814311
0.36345448 0.86790084
0.36378793 0.86765834
0.36412137 0.86741563
0.36445482 0.86717269
0.36478826 0.86692952
0.36512171 0.86668614
0.36545515 0.86644253
0.36578860 0.86619870
0.36612204 0.86595465
0.36645549 0.86571038
0.36678893 0.86546588
0.36712237 0.86522116
0.36745582 0.86497622
0.36778926 0.86473106
0.36812271 0.86448567
0.36845615 0.86424006
0.36878960 0.86399423
0.36912304 0.86374818
0.36945649 0.86350191
0.36978993 0.86325541
0.37012337 0.86300869
0.37045682 0.86276175
0.37079026 0.86251458
0.37112371 0.86226719
0.37145715 0.86201958
0.37179060 0.86177175
0.37212404 0.86152370
0.37245749 0.86127542
0.37279093 0.86102692
0.37312437 0.86077820
0.37345782 0.86052926
0.37379126 0.86028009
0.37412471 0.86003070
0.37445815 0.85978109
0.37479160 0.85953126
0.37512504 0.85928120
0.37545849 0.85903093
0.37579193 0.85878042
0.37612538 0.85852970
0.37645882 0.85827876
0.37679226 0.85802759
0.37712571 0.85777620
0.37745915 0.85752459
0.37779260 0.85727275
0.37812604 0.85702070
0.37845949 0.85676842
0.37879293 0.85651592
0.37912638 0.85626319
0.37945982 0.85601025
0.37979326 0.85575708
0.38012671 0.85550369
0.38046015 0.85525007
0.38079360 0.85499624
0.38112704 0.85474218
0.38146049 0.85448790
0.38179393 0.85423339
0.38212738 0.85397867
0.38246082 0.85372372
0.38279426 0.85346855
0.38312771 0.85321316
0.38346115 0.85295754
0.38379460 0.85270171
0.38412804 0.85244565
0.38446149 0.85218936
0.38479493 0.85193286
0.38512838 0.85167613
0.38546182 0.85141918
0.38579527 0.85116201
0.38612871 0.85090462
0.38646215 0.85064700
0.38679560 0.85038916
0.38712904 0.85013110
0.38746249 0.84987282
0.38779593 0.84961432
0.38812938 0.84935559
0.38846282 0.84909664
0.38879627 0.84883746
0.38912971 0.84857807
0.38946315 0.84831845
0.38979660 0.84805861
0.39013004 0.84779855
0.39046349 0.84753826
0.39079693 0.84727776
0.39113038 0.84701703
0.39146382 0.84675608
0.39179727 0.84649490
0.39213071 0.84623351
0.39246415 0.84597189
0.39279760 0.84571005
0.39313104 0.84544798
0.39346449 0.84518570
0.39379793 0.84492319
0.39413138 0.84466046
0.39446482 0.84439750
0.39479827 0.84413433
0.39513171 0.84387093
0.39546516 0.84360731
0.39579860 0.84334347
0.39613204 0.84307940
0.39646549 0.84281512
0.39679893 0.84255061
0.39713238 0.84228587
0.39746582 0.84202092
0.39779927 0.84175574
0.39813271 0.84149034
0.39846616 0.84122472
0.39879960 0.84095888
0.39913304 0.84069281
0.39946649 0.84042652
0.39979993 0.84016001
0.40013338 0.83989328
0.40046682 0.83962632
0.40080027 0.83935915
0.40113371 0.83909175
0.40146716 0.83882412
0.40180060 0.83855628
0.40213404 0.83828821
0.40246749 0.83801992
0.40280093 0.83775141
0.40313438 0.83748267
0.40346782 0.83721372
0.40380127 0.83694454
0.40413471 0.83667513
0.40446816 0.83640551
0.40480160 0.83613566
0.40513505 0.83586560
0.40546849 0.83559530
0.40580193 0.83532479
0.40613538 0.83505405
0.40646882 0.83478310
0.40680227 0.83451192
0.40713571 0.83424051
0.40746916 0.83396889
0.40780260 0.83369704
0.40813605 0.83342497
0.40846949 0.83315268
0.40880293 0.83288016
0.40913638 0.83260742
0.40946982 0.83233446
0.40980327 0.83206128
0.41013671 0.83178788
0.41047016 0.83151425
0.41080360 0.83124040
0.41113705 0.83096633
0.41147049 0.83069204
0.41180393 0.83041752
0.41213738 0.83014278
0.41247082 0.82986782
0.41280427 0.82959264
0.41313771 0.82931723
0.41347116 0.82904160
0.41380460 0.82876575
0.41413805 0.82848968
0.41447149 0.82821338
0.41480493 0.82793687
0.41513838 0.82766013
0.41547182 0.82738316
0.41580527 0.82710598
0.41613871 0.82682857
0.41647216 0.82655094
0.41680560 0.82627309
0.41713905 0.82599502
0.41747249 0.82571672
0.41780594 0.82543820
0.41813938 0.82515946
0.41847282 0.82488050
0.41880627 0.82460131
0.41913971 0.82432190
0.41947316 0.82404227
0.41980660 0.82376242
0.42014005 0.82348234
0.42047349 0.82320204
0.42080694 0.82292152
0.42114038 0.82264078
0.42147382 0.82235982
0.42180727 0.82207863
0.42214071 0.82179722
0.42247416 0.82151559
0.42280760 0.82123373
0.42314105 0.82095165
0.42347449 0.82066936
0.42380794 0.82038683
0.42414138 0.82010409
0.42447482 0.81982112
0.42480827 0.81953793
0.42514171 0.81925452
0.42547516 0.81897089
0.42580860 0.81868703
0.42614205 0.81840296
0.42647549 0.81811865
0.42680894 0.81783413
0.42714238 0.81754939
0.42747583 0.81726442
0.42780927 0.81697923
0.42814271 0.81669382
0.42847616 0.81640818
0.42880960 0.81612232
0.42914305 0.81583624
0.42947649 0.81554994
0.42980994 0.81526342
0.43014338 0.81497667
0.43047683 0.81468970
0.43081027 0.81440251
0.43114371 0.81411510
0.43147716 0.81382746
0.43181060 0.81353960
0.43214405 0.81325152
0.43247749 0.81296322
0.43281094 0.81267469
0.43314438 0.81238594
0.43347783 0.81209697
0.43381127 0.81180778
0.43414471 0.81151837
0.43447816 0.81122873
0.43481160 0.81093887
0.43514505 0.81064879
0.43547849 0.81035848
0.43581194 0.81006796
0.43614538 0.80977721
0.43647883 0.80948623
0.43681227 0.80919504
0.43714572 0.80890362
0.43747916 0.80861198
0.43781260 0.80832012
0.43814605 0.80802804
0.43847949 0.80773573
0.43881294 0.80744321
0.43914638 0.80715046
0.43947983 0.80685748
0.43981327 0.80656429
0.44014672 0.80627087
0.44048016 0.80597723
0.44081360 0.80568337
0.44114705 0.80538928
0.44148049 0.80509497
0.44181394 0.80480044
0.44214738 0.80450569
0.44248083 0.80421072
0.44281427 0.80391552
0.44314772 0.80362010
0.44348116 0.80332446
0.44381460 0.80302860
0.44414805 0.80273251
0.44448149 0.80243620
0.44481494 0.80213967
0.44514838 0.80184292
0.44548183 0.80154594
0.44581527 0.80124874
0.44614872 0.80095132
0.44648216 0.80065368
0.44681561 0.80035581
0.44714905 0.80005773
0.44748249 0.79975942
0.44781594 0.79946089
0.44814938 0.79916213
0.44848283 0.79886315
0.44881627 0.79856395
0.44914972 0.79826453
0.44948316 0.79796489
0.44981661 0.79766502
0.45015005 0.79736493
0.45048349 0.79706462
0.45081694 0.79676409
0.45115038 0.79646333
0.45148383 0.79616235
0.45181727 0.79586115
0.45215072 0.79555973
0.45248416 0.79525808
0.45281761 0.79495622
0.45315105 0.79465413
0.45348449 0.79435181
0.45381794 0.79404928
0.45415138 0.79374652
0.45448483 0.79344354
0.45481827 0.79314034
0.45515172 0.79283691
0.45548516 0.79253327
0.45581861 0.79222940
0.45615205 0.79192531
0.45648550 0.79162099
0.45681894 0.79131646
0.45715238 0.79101170
0.45748583 0.79070672
0.45781927 0.79040151
0.45815272 0.79009609
0.45848616 0.78979044
0.45881961 0.78948457
0.45915305 0.78917848
0.45948650 0.78887216
0.45981994 0.78856562
0.46015338 0.78825886
0.46048683 0.78795188
0.46082027 0.78764468
0.46115372 0.78733725
0.46148716 0.78702960
0.46182061 0.78672173
0.46215405 0.78641363
0.46248750 0.78610532
0.46282094 0.78579678
0.46315438 0.78548802
0.46348783 0.78517903
0.46382127 0.78486983
0.46415472 0.78456040
0.46448816 0.78425075
0.46482161 0.78394087
0.46515505 0.78363078
0.46548850 0.78332046
0.46582194 0.78300992
0.46615539 0.78269916
0.46648883 0.78238817
0.46682227 0.78207696
0.46715572 0.78176553
0.46748916 0.78145388
0.46782261 0.78114201
0.46815605 0.78082991
0.46848950 0.78051759
0.46882294 0.78020505
0.46915639 0.77989229
0.46948983 0.77957930
0.46982327 0.77926609
0.47015672 0.77895266
0.47049016 0.77863901
0.47082361 0.77832513
0.47115705 0.77801103
0.47149050 0.77769671
0.47182394 0.77738217
0.47215739 0.77706740
0.47249083 0.77675242
0.47282427 0.77643721
0.47315772 0.77612177
0.47349116 0.77580612
0.47382461 0.77549024
0.47415805 0.77517414
0.47449150 0.77485782
0.47482494 0.77454127
0.47515839 0.77422451
0.47549183 0.77390752
0.47582528 0.77359031
0.47615872 0.77327287
0.47649216 0.77295522
0.47682561 0.77263734
0.47715905 0.77231924
0.47749250 0.77200091
0.47782594 0.77168237
0.47815939 0.77136360
0.47849283 0.77104461
0.47882628 0.77072540
0.47915972 0.77040596
0.47949316 0.77008631
0.47982661 0.76976643
0.48016005 0.76944632
0.48049350 0.76912600
0.48082694 0.76880545
0.48116039 0.76848468
0.48149383 0.76816369
0.48182728 0.76784248
0.48216072 0.76752104
0.48249416 0.76719938
0.48282761 0.76687750
0.48316105 0.76655540
0.48349450 0.76623307
0.48382794 0.76591052
0.48416139 0.76558775
0.48449483 0.76526476
0.48482828 0.76494154
0.48516172 0.76461810
0.48549517 0.76429444
0.48582861 0.76397056
0.48616205 0.76364646
0.48649550 0.76332213
0.48682894 0.76299758
0.48716239 0.76267281
0.48749583 0.76234781
0.48782928 0.76202260
0.48816272 0.76169716
0.48849617 0.76137150
0.48882961 0.76104561
0.48916305 0.76071951
0.48949650 0.76039318
0.48982994 0.76006663
0.49016339 0.75973985
0.49049683 0.75941286
0.49083028 0.75908564
0.49116372 0.75875820
0.49149717 0.75843054
0.49183061 0.75810265
0.49216405 0.75777454
0.49249750 0.75744621
0.49283094 0.75711766
0.49316439 0.75678889
0.49349783 0.75645989
0.49383128 0.75613067
0.49416472 0.75580123
0.49449817 0.75547156
0.49483161 0.75514168
0.49516506 0.75481157
0.49549850 0.75448124
0.49583194 0.75415068
0.49616539 0.75381991
0.49649883 0.75348891
0.49683228 0.75315769
0.49716572 0.75282624
0.49749917 0.75249458
0.49783261 0.75216269
0.49816606 0.75183058
0.49849950 0.75149825
0.49883294 0.75116569
0.49916639 0.75083292
0.49949983 0.75049992
0.49983328 0.75016669
0.50016672 0.74983325
0.50050017 0.74949958
0.50083361 0.74916569
0.50116706 0.74883158
0.50150050 0.74849725
0.50183394 0.74816269
0.50216739 0.74782791
0.50250083 0.74749291
0.50283428 0.74715769
0.50316772 0.74682224
0.50350117 0.74648657
0.50383461 0.74615068
0.50416806 0.74581457
0.50450150 0.74547824
0.50483494 0.74514168
0.50516839 0.74480490
0.50550183 0.74446790
0.50583528 0.74413067
0.50616872 0.74379322
0.50650217 0.74345555
0.50683561 0.74311766
0.50716906 0.74277955
0.50750250 0.74244121
0.50783595 0.74210265
0.50816939 0.74176387
0.50850283 0.74142487
0.50883628 0.74108564
0.50916972 0.74074619
0.50950317 0.74040652
0.50983661 0.74006663
0.51017006 0.73972651
0.51050350 0.73938618
0.51083695 0.73904561
0.51117039 0.73870483
0.51150383 0.73836383
0.51183728 0.73802260
0.51217072 0.73768115
0.51250417 0.73733948
0.51283761 0.73699758
0.51317106 0.73665547
0.51350450 0.73631313
0.51383795 0.73597057
0.51417139 0.73562778
0.51450483 0.73528477
0.51483828 0.73494155
0.51517172 0.73459809
0.51550517 0.73425442
0.51583861 0.73391053
0.51617206 0.73356641
0.51650550 0.73322207
0.51683895 0.73287750
0.51717239 0.73253272
0.51750584 0.73218771
0.51783928 0.73184248
0.51817272 0.73149703
0.51850617 0.73115135
0.51883961 0.73080546
0.51917306 0.73045934
0.51950650 0.73011299
0.51983995 0.72976643
0.52017339 0.72941964
0.52050684 0.72907263
0.52084028 0.72872540
0.52117372 0.72837795
0.52150717 0.72803027
0.52184061 0.72768237
0.52217406 0.72733425
0.52250750 0.72698591
0.52284095 0.72663734
0.52317439 0.72628856
0.52350784 0.72593955
0.52384128 0.72559031
0.52417472 0.72524086
0.52450817 0.72489118
0.52484161 0.72454128
0.52517506 0.72419116
0.52550850 0.72384081
0.52584195 0.72349025
0.52617539 0.72313946
0.52650884 0.72278845
0.52684228 0.72243721
0.52717573 0.72208575
0.52750917 0.72173408
0.52784261 0.72138217
0.52817606 0.72103005
0.52850950 0.72067771
0.52884295 0.72032514
0.52917639 0.71997235
0.52950984 0.71961933
0.52984328 0.71926610
0.53017673 0.71891264
0.53051017 0.71855896
0.53084361 0.71820506
0.53117706 0.71785093
0.53151050 0.71749658
0.53184395 0.71714201
0.53217739 0.71678722
0.53251084 0.71643221
0.53284428 0.71607697
0.53317773 0.71572151
0.53351117 0.71536583
0.53384461 0.71500993
0.53417806 0.71465380
0.53451150 0.71429745
0.53484495 0.71394088
0.53517839 0.71358409
0.53551184 0.71322707
0.53584528 0.71286983
0.53617873 0.71251237
0.53651217 0.71215469
0.53684562 0.71179679
0.53717906 0.71143866
0.53751250 0.71108031
0.53784595 0.71072174
0.53817939 0.71036294
0.53851284 0.71000392
0.53884628 0.70964468
0.53917973 0.70928522
0.53951317 0.70892554
0.53984662 0.70856563
0.54018006 0.70820550
0.54051350 0.70784515
0.54084695 0.70748458
0.54118039 0.70712378
0.54151384 0.70676276
0.54184728 0.70640152
0.54218073 0.70604006
0.54251417 0.70567837
0.54284762 0.70531647
0.54318106 0.70495434
0.54351450 0.70459198
0.54384795 0.70422941
0.54418139 0.70386661
0.54451484 0.70350359
0.54484828 0.70314035
0.54518173 0.70277688
0.54551517 0.70241320
0.54584862 0.70204929
0.54618206 0.70168516
0.54651551 0.70132080
0.54684895 0.70095623
0.54718239 0.70059143
0.54751584 0.70022641
0.54784928 0.69986116
0.54818273 0.69949570
0.54851617 0.69913001
0.54884962 0.69876410
0.54918306 0.69839797
0.54951651 0.69803161
0.54984995 0.69766503
0.55018339 0.69729823
0.55051684 0.69693121
0.55085028 0.69656397
0.55118373 0.69619650
0.55151717 0.69582881
0.55185062 0.69546090
0.55218406 0.69509276
0.55251751 0.69472441
0.55285095 0.69435583
0.55318439 0.69398703
0.55351784 0.69361800
0.55385128 0.69324876
0.55418473 0.69287929
0.55451817 0.69250960
0.55485162 0.69213968
0.55518506 0.69176955
0.55551851 0.69139919
0.55585195 0.69102861
0.55618540 0.69065781
0.55651884 0.69028678
0.55685228 0.68991553
0.55718573 0.68954406
0.55751917 0.68917237
0.55785262 0.68880046
0.55818606 0.68842832
0.55851951 0.68805596
0.55885295 0.68768338
0.55918640 0.68731058
0.55951984 0.68693755
0.55985328 0.68656430
0.56018673 0.68619083
0.56052017 0.68581714
0.56085362 0.68544322
0.56118706 0.68506908
0.56152051 0.68469472
0.56185395 0.68432014
0.56218740 0.68394533
0.56252084 0.68357030
0.56285428 0.68319505
0.56318773 0.68281958
0.56352117 0.68244389
0.56385462 0.68206797
0.56418806 0.68169183
0.56452151 0.68131547
0.56485495 0.68093888
0.56518840 0.68056208
0.56552184 0.68018505
0.56585529 0.67980780
0.56618873 0.67943032
0.56652217 0.67905263
0.56685562 0.67867471
0.56718906 0.67829657
0.56752251 0.67791820
0.56785595 0.67753962
0.56818940 0.67716081
0.56852284 0.67678178
0.56885629 0.67640253
0.56918973 0.67602305
0.56952317 0.67564335
0.56985662 0.67526343
0.57019006 0.67488329
0.57052351 0.67450293
0.57085695 0.67412234
0.57119040 0.67374153
0.57152384 0.67336050
0.57185729 0.67297924
0.57219073 0.67259777
0.57252417 0.67221607
0.57285762 0.67183415
0.57319106 0.67145200
0.57352451 0.67106964
0.57385795 0.67068705
0.57419140 0.67030424
0.57452484 0.66992121
0.57485829 0.66953795
0.57519173 0.66915447
0.57552518 0.66877077
0.57585862 0.66838685
0.57619206 0.66800271
0.57652551 0.66761834
0.57685895 0.66723375
0.57719240 0.66684894
0.57752584 0.66646390
0.57785929 0.66607865
0.57819273 0.66569317
0.57852618 0.66530746
0.57885962 0.66492154
0.57919306 0.66453539
0.57952651 0.66414903
0.57985995 0.66376243
0.58019340 0.66337562
0.58052684 0.66298859
0.58086029 0.66260133
0.58119373 0.66221385
0.58152718 0.66182614
0.58186062 0.66143822
0.58219406 0.66105007
0.58252751 0.66066170
0.58286095 0.66027311
0.58319440 0.65988429
0.58352784 0.65949526
0.58386129 0.65910600
0.58419473 0.65871652
0.58452818 0.65832681
0.58486162 0.65793688
0.58519507 0.65754674
0.58552851 0.65715636
0.58586195 0.65676577
0.58619540 0.65637495
0.58652884 0.65598392
0.58686229 0.65559266
0.58719573 0.65520117
0.58752918 0.65480947
0.58786262 0.65441754
0.58819607 0.65402539
0.58852951 0.65363302
0.58886295 0.65324042
0.58919640 0.65284760
0.58952984 0.65245456
0.58986329 0.65206130
0.59019673 0.65166782
0.59053018 0.65127411
0.59086362 0.65088018
0.59119707 0.65048603
0.59153051 0.65009166
0.59186395 0.64969706
0.59219740 0.64930224
0.59253084 0.64890720
0.59286429 0.64851194
0.59319773 0.64811645
0.59353118 0.64772074
0.59386462 0.64732481
0.59419807 0.64692866
0.59453151 0.64653228
0.59486495 0.64613569
0.59519840 0.64573887
0.59553184 0.64534182
0.59586529 0.64494456
0.59619873 0.64454707
0.59653218 0.64414936
0.59686562 0.64375143
0.59719907 0.64335328
0.59753251 0.64295490
0.59786596 0.64255630
0.59819940 0.64215748
0.59853284 0.64175843
0.59886629 0.64135917
0.59919973 0.64095968
0.59953318 0.64055997
0.59986662 0.64016004
0.60020007 0.63975988
0.60053351 0.63935950
0.60086696 0.63895890
0.60120040 0.63855808
0.60153384 0.63815703
0.60186729 0.63775577
0.60220073 0.63735428
0.60253418 0.63695256
0.60286762 0.63655063
0.60320107 0.63614847
0.60353451 0.63574609
0.60386796 0.63534349
0.60420140 0.63494067
0.60453484 0.63453762
0.60486829 0.63413435
0.60520173 0.63373086
0.60553518 0.63332715
0.60586862 0.63292321
0.60620207 0.63251905
0.60653551 0.63211467
0.60686896 0.63171007
0.60720240 0.63130524
0.60753585 0.63090020
0.60786929 0.63049493
0.60820273 0.63008943
0.60853618 0.62968372
0.60886962 0.62927778
0.60920307 0.62887162
0.60953651 0.62846524
0.60986996 0.62805864
0.61020340 0.62765181
0.61053685 0.62724476
0.61087029 0.62683749
0.61120373 0.62642999
0.61153718 0.62602228
0.61187062 0.62561434
0.61220407 0.62520618
0.61253751 0.62479780
0.61287096 0.62438919
0.61320440 0.62398036
0.61353785 0.62357131
0.61387129 0.62316204
0.61420473 0.62275254
0.61453818 0.62234283
0.61487162 0.62193289
0.61520507 0.62152272
0.61553851 0.62111234
0.61587196 0.62070173
0.61620540 0.62029090
0.61653885 0.61987985
0.61687229 0.61946858
0.61720574 0.61905708
0.61753918 0.61864536
0.61787262 0.61823342
0.61820607 0.61782126
0.61853951 0.61740887
0.61887296 0.61699626
0.61920640 0.61658343
0.61953985 0.61617038
0.61987329 0.61575710
0.62020674 0.61534361
0.62054018 0.61492988
0.62087362 0.61451594
0.62120707 0.61410178
0.62154051 0.61368739
0.62187396 0.61327278
0.62220740 0.61285795
0.62254085 0.61244289
0.62287429 0.61202762
0.62320774 0.61161212
0.62354118 0.61119640
0.62387462 0.61078045
0.62420807 0.61036429
0.62454151 0.60994790
0.62487496 0.60953129
0.62520840 0.60911445
0.62554185 0.60869740
0.62587529 0.60828012
0.62620874 0.60786262
0.62654218 0.60744490
0.62687563 0.60702695
0.62720907 0.60660878
0.62754251 0.60619039
0.62787596 0.60577178
0.62820940 0.60535295
0.62854285 0.60493389
0.62887629 0.60451461
0.62920974 0.60409511
0.62954318 0.60367538
0.62987663 0.60325544
0.63021007 0.60283527
0.63054351 0.60241488
0.63087696 0.60199426
0.63121040 0.60157343
0.63154385 0.60115237
0.63187729 0.60073109
0.63221074 0.60030958
0.63254418 0.59988786
0.63287763 0.59946591
0.63321107 0.59904374
0.63354451 0.59862135
0.63387796 0.59819873
0.63421140 0.59777590
0.63454485 0.59735284
0.63487829 0.59692955
0.63521174 0.59650605
0.63554518 0.59608232
0.63587863 0.59565837
0.63621207 0.59523420
0.63654552 0.59480981
0.63687896 0.59438519
0.63721240 0.59396035
0.63754585 0.59353529
0.63787929 0.59311001
0.63821274 0.59268450
0.63854618 0.59225877
0.63887963 0.59183282
0.63921307 0.59140665
0.63954652 0.59098025
0.63987996 0.59055364
0.64021340 0.59012680
0.64054685 0.58969973
0.64088029 0.58927245
0.64121374 0.58884494
0.64154718 0.58841721
0.64188063 0.58798926
0.64221407 0.58756109
0.64254752 0.58713269
0.64288096 0.58670407
0.64321440 0.58627523
0.64354785 0.58584617
0.64388129 0.58541688
0.64421474 0.58498737
0.64454818 0.58455764
0.64488163 0.58412769
0.64521507 0.58369751
0.64554852 0.58326711
0.64588196 0.58283649
0.64621541 0.58240565
0.64654885 0.58197459
0.64688229 0.58154330
0.64721574 0.58111179
0.64754918 0.58068006
0.64788263 0.58024810
0.64821607 0.57981592
0.64854952 0.57938352
0.64888296 0.57895090
0.64921641 0.57851806
0.64954985 0.57808499
0.64988329 0.57765170
0.65021674 0.57721819
0.65055018 0.57678446
0.65088363 0.57635050
0.65121707 0.57591632
0.65155052 0.57548192
0.65188396 0.57504730
0.65221741 0.57461246
0.65255085 0.57417739
0.65288429 0.57374210
0.65321774 0.57330659
0.65355118 0.57287085
0.65388463 0.57243489
0.65421807 0.57199871
0.65455152 0.57156231
0.65488496 0.57112569
0.65521841 0.57068884
0.65555185 0.57025177
0.65588530 0.56981448
0.65621874 0.56937697
0.65655218 0.56893923
0.65688563 0.56850127
0.65721907 0.56806309
0.65755252 0.56762469
0.65788596 0.56718606
0.65821941 0.56674721
0.65855285 0.56630814
0.65888630 0.56586885
0.65921974 0.56542933
0.65955318 0.56498960
0.65988663 0.56454964
0.66022007 0.56410945
0.66055352 0.56366905
0.66088696 0.56322842
0.66122041 0.56278757
0.66155385 0.56234650
0.66188730 0.56190521
0.66222074 0.56146369
0.66255418 0.56102195
0.66288763 0.56057999
0.66322107 0.56013781
0.66355452 0.55969540
0.66388796 0.55925277
0.66422141 0.55880992
0.66455485 0.55836685
0.66488830 0.55792355
0.66522174 0.55748004
0.66555519 0.55703630
0.66588863 0.55659233
0.66622207 0.55614815
0.66655552 0.55570374
0.66688896 0.55525911
0.66722241 0.55481426
0.66755585 0.55436918
0.66788930 0.55392389
0.66822274 0.55347837
0.66855619 0.55303263
0.66888963 0.55258666
0.66922307 0.55214048
0.66955652 0.55169407
0.66988996 0.55124744
0.67022341 0.55080058
0.67055685 0.55035351
0.67089030 0.54990621
0.67122374 0.54945869
0.67155719 0.54901095
0.67189063 0.54856298
0.67222407 0.54811479
0.67255752 0.54766638
0.67289096 0.54721775
0.67322441 0.54676890
0.67355785 0.54631982
0.67389130 0.54587052
0.67422474 0.54542100
0.67455819 0.54497125
0.67489163 0.54452129
0.67522508 0.54407110
0.67555852 0.54362069
0.67589196 0.54317005
0.67622541 0.54271920
0.67655885 0.54226812
0.67689230 0.54181682
0.67722574 0.54136529
0.67755919 0.54091355
0.67789263 0.54046158
0.67822608 0.54000939
0.67855952 0.53955698
0.67889296 0.53910434
0.67922641 0.53865149
0.67955985 0.53819841
0.67989330 0.53774510
0.68022674 0.53729158
0.68056019 0.53683783
0.68089363 0.53638386
0.68122708 0.53592967
0.68156052 0.53547526
0.68189396 0.53502062
0.68222741 0.53456576
0.68256085 0.53411068
0.68289430 0.53365538
0.68322774 0.53319985
0.68356119 0.53274410
0.68389463 0.53228813
0.68422808 0.53183194
0.68456152 0.53137552
0.68489496 0.53091889
0.68522841 0.53046203
0.68556185 0.53000494
0.68589530 0.52954764
0.68622874 0.52909011
0.68656219 0.52863236
0.68689563 0.52817439
0.68722908 0.52771620
0.68756252 0.52725778
0.68789597 0.52679914
0.68822941 0.52634028
0.68856285 0.52588120
0.68889630 0.52542189
0.68922974 0.52496236
0.68956319 0.52450261
0.68989663 0.52404264
0.69023008 0.52358244
0.69056352 0.52312202
0.69089697 0.52266138
0.69123041 0.52220052
0.69156385 0.52173943
0.69189730 0.52127813
0.69223074 0.52081660
0.69256419 0.52035485
0.69289763 0.51989287
0.69323108 0.51943067
0.69356452 0.51896825
0.69389797 0.51850561
0.69423141 0.51804275
0.69456485 0.51757966
0.69489830 0.51711635
0.69523174 0.51665282
0.69556519 0.51618907
0.69589863 0.51572509
0.69623208 0.51526089
0.69656552 0.51479647
0.69689897 0.51433183
0.69723241 0.51386697
0.69756586 0.51340188
0.69789930 0.51293657
0.69823274 0.51247103
0.69856619 0.51200528
0.69889963 0.51153930
0.69923308 0.51107310
0.69956652 0.51060668
0.69989997 0.51014004
0.70023341 0.50967317
0.70056686 0.50920608
0.70090030 0.50873877
0.70123374 0.50827124
0.70156719 0.50780348
0.70190063 0.50733550
0.70223408 0.50686730
0.70256752 0.50639888
0.70290097 0.50593023
0.70323441 0.50546136
0.70356786 0.50499227
0.70390130 0.50452296
0.70423474 0.50405342
0.70456819 0.50358367
0.70490163 0.50311369
0.70523508 0.50264348
0.70556852 0.50217306
0.70590197 0.50170241
0.70623541 0.50123154
0.70656886 0.50076045
0.70690230 0.50028914
0.70723575 0.49981760
0.70756919 0.49934584
0.70790263 0.49887386
0.70823608 0.49840166
0.70856952 0.49792923
0.70890297 0.49745658
0.70923641 0.49698371
0.70956986 0.49651062
0.70990330 0.49603730
0.71023675 0.49556377
0.71057019 0.49509000
0.71090363 0.49461602
0.71123708 0.49414182
0.71157052 0.49366739
0.71190397 0.49319274
0.71223741 0.49271787
0.71257086 0.49224277
0.71290430 0.49176746
0.71323775 0.49129192
0.71357119 0.49081616
0.71390463 0.49034017
0.71423808 0.48986397
0.71457152 0.48938754
0.71490497 0.48891089
0.71523841 0.48843401
0.71557186 0.48795692
0.71590530 0.48747960
0.71623875 0.48700206
0.71657219 0.48652430
0.71690564 0.48604631
0.71723908 0.48556810
0.71757252 0.48508967
0.71790597 0.48461102
0.71823941 0.48413215
0.71857286 0.48365305
0.71890630 0.48317373
0.71923975 0.48269419
0.71957319 0.48221442
0.71990664 0.48173444
0.72024008 0.48125423
0.72057352 0.48077380
0.72090697 0.48029314
0.72124041 0.47981227
0.72157386 0.47933117
0.72190730 0.47884985
0.72224075 0.47836830
0.72257419 0.47788654
0.72290764 0.47740455
0.72324108 0.47692234
0.72357452 0.47643991
0.72390797 0.47595725
0.72424141 0.47547437
0.72457486 0.47499127
0.72490830 0.47450795
0.72524175 0.47402441
0.72557519 0.47354064
0.72590864 0.47305665
0.72624208 0.47257244
0.72657553 0.47208801
0.72690897 0.47160335
0.72724241 0.47111847
0.72757586 0.47063337
0.72790930 0.47014805
0.72824275 0.46966250
0.72857619 0.46917673
0.72890964 0.46869074
0.72924308 0.46820453
0.72957653 0.46771809
0.72990997 0.46723144
0.73024341 0.46674456
0.73057686 0.46625745
0.73091030 0.46577013
0.73124375 0.46528258
0.73157719 0.46479481
0.73191064 0.46430682
0.73224408 0.46381861
0.73257753 0.46333017
0.73291097 0.46284151
0.73324441 0.46235263
0.73357786 0.46186352
0.73391130 0.46137420
0.73424475 0.46088465
0.73457819 0.46039488
0.73491164 0.45990489
0.73524508 0.45941467
0.73557853 0.45892423
0.73591197 0.45843357
0.73624542 0.45794269
0.73657886 0.45745158
0.73691230 0.45696026
0.73724575 0.45646871
0.73757919 0.45597693
0.73791264 0.45548494
0.73824608 0.45499272
0.73857953 0.45450028
0.73891297 0.45400762
0.73924642 0.45351474
0.73957986 0.45302163
0.73991330 0.45252830
0.74024675 0.45203475
0.74058019 0.45154098
0.74091364 0.45104698
0.74124708 0.45055276
0.74158053 0.45005832
0.74191397 0.44956366
0.74224742 0.44906877
0.74258086 0.44857367
0.74291430 0.44807834
0.74324775 0.44758278
0.74358119 0.44708701
0.74391464 0.44659101
0.74424808 0.44609479
0.74458153 0.44559835
0.74491497 0.44510169
0.74524842 0.44460480
0.74558186 0.44410769
0.74591531 0.44361036
0.74624875 0.44311280
0.74658219 0.44261503
0.74691564 0.44211703
0.74724908 0.44161881
0.74758253 0.44112036
0.74791597 0.44062170
0.74824942 0.44012281
0.74858286 0.43962370
0.74891631 0.43912437
0.74924975 0.43862481
0.74958319 0.43812503
0.74991664 0.43762503
0.75025008 0.43712481
0.75058353 0.43662437
0.75091697 0.43612370
0.75125042 0.43562281
0.75158386 0.43512170
0.75191731 0.43462037
0.75225075 0.43411881
0.75258419 0.43361703
0.75291764 0.43311503
0.75325108 0.43261280
0.75358453 0.43211036
0.75391797 0.43160769
0.75425142 0.43110480
0.75458486 0.43060169
0.75491831 0.43009835
0.75525175 0.42959479
0.75558520 0.42909101
0.75591864 0.42858701
0.75625208 0.42808279
0.75658553 0.42757834
0.75691897 0.42707367
0.75725242 0.42656878
0.75758586 0.42606366
0.75791931 0.42555832
0.75825275 0.42505277
0.75858620 0.42454698
0.75891964 0.42404098
0.75925308 0.42353475
0.75958653 0.42302831
0.75991997 0.42252163
0.76025342 0.42201474
0.76058686 0.42150762
0.76092031 0.42100029
0.76125375 0.42049273
0.76158720 0.41998494
0.76192064 0.41947694
0.76225408 0.41896871
0.76258753 0.41846026
0.76292097 0.41795159
0.76325442 0.41744269
0.76358786 0.41693358
0.76392131 0.41642424
0.76425475 0.41591467
0.76458820 0.41540489
0.76492164 0.41489488
0.76525509 0.41438465
0.76558853 0.41387420
0.76592197 0.41336353
0.76625542 0.41285263
0.76658886 0.41234152
0.76692231 0.41183017
0.76725575 0.41131861
0.76758920 0.41080683
0.76792264 0.41029482
0.76825609 0.40978259
0.76858953 0.40927013
0.76892297 0.40875746
0.76925642 0.40824456
0.76958986 0.40773144
0.76992331 0.40721810
0.77025675 0.40670454
0.77059020 0.40619075
0.77092364 0.40567674
0.77125709 0.40516251
0.77159053 0.40464805
0.77192397 0.40413338
0.77225742 0.40361848
0.77259086 0.40310336
0.77292431 0.40258801
0.77325775 0.40207245
0.77359120 0.40155666
0.77392464 0.40104065
0.77425809 0.40052442
0.77459153 0.40000796
0.77492497 0.39949128
0.77525842 0.39897438
0.77559186 0.39845726
0.77592531 0.39793992
0.77625875 0.39742235
0.77659220 0.39690456
0.77692564 0.39638655
0.77725909 0.39586831
0.77759253 0.39534986
0.77792598 0.39483118
0.77825942 0.39431228
0.77859286 0.39379315
0.77892631 0.39327381
0.77925975 0.39275424
0.77959320 0.39223445
0.77992664 0.39171443
0.78026009 0.39119420
0.78059353 0.39067374
0.78092698 0.39015306
0.78126042 0.38963216
0.78159386 0.38911103
0.78192731 0.38858968
0.78226075 0.38806811
0.78259420 0.38754632
0.78292764 0.38702431
0.78326109 0.38650207
0.78359453 0.38597961
0.78392798 0.38545693
0.78426142 0.38493402
0.78459486 0.38441090
0.78492831 0.38388755
0.78526175 0.38336398
0.78559520 0.38284018
0.78592864 0.38231617
0.78626209 0.38179193
0.78659553 0.38126747
0.78692898 0.38074279
0.78726242 0.38021788
0.78759587 0.37969275
0.78792931 0.37916740
0.78826275 0.37864183
0.78859620 0.37811604
0.78892964 0.37759002
0.78926309 0.37706378
0.78959653 0.37653732
0.78992998 0.37601063
0.79026342 0.37548373
0.79059687 0.37495660
0.79093031 0.37442924
0.79126375 0.37390167
0.79159720 0.37337387
0.79193064 0.37284586
0.79226409 0.37231761
0.79259753 0.37178915
0.79293098 0.37126047
0.79326442 0.37073156
0.79359787 0.37020243
0.79393131 0.36967307
0.79426475 0.36914350
0.79459820 0.36861370
0.79493164 0.36808368
0.79526509 0.36755344
0.79559853 0.36702297
0.79593198 0.36649229
0.79626542 0.36596138
0.79659887 0.36543025
0.79693231 0.36489889
0.79726576 0.36436732
0.79759920 0.36383552
0.79793264 0.36330350
0.79826609 0.36277125
0.79859953 0.36223879
0.79893298 0.36170610
0.79926642 0.36117319
0.79959987 0.36064005
0.79993331 0.36010670
0.80026676 0.35957312
0.80060020 0.35903932
0.80093364 0.35850530
0.80126709 0.35797105
0.80160053 0.35743658
0.80193398 0.35690189
0.80226742 0.35636698
0.80260087 0.35583185
0.80293431 0.35529649
0.80326776 0.35476091
0.80360120 0.35422511
0.80393464 0.35368909
0.80426809 0.35315284
0.80460153 0.35261637
0.80493498 0.35207968
0.80526842 0.35154277
0.80560187 0.35100563
0.80593531 0.35046827
0.80626876 0.34993069
0.80660220 0.34939289
0.80693565 0.34885486
0.80726909 0.34831662
0.80760253 0.34777815
0.80793598 0.34723945
0.80826942 0.34670054
0.80860287 0.34616140
0.80893631 0.34562204
0.80926976 0.34508246
0.80960320 0.34454266
0.80993665 0.34400263
0.81027009 0.34346238
0.81060353 0.34292191
0.81093698 0.34238122
0.81127042 0.34184030
0.81160387 0.34129916
0.81193731 0.34075780
0.81227076 0.34021622
0.81260420 0.33967441
0.81293765 0.33913238
0.81327109 0.33859013
0.81360453 0.33804766
0.81393798 0.33750497
0.81427142 0.33696205
0.81460487 0.33641891
0.81493831 0.33587555
0.81527176 0.33533196
0.81560520 0.33478815
0.81593865 0.33424413
0.81627209 0.33369987
0.81660554 0.33315540
0.81693898 0.33261070
0.81727242 0.33206578
0.81760587 0.33152064
0.81793931 0.33097528
0.81827276 0.33042969
0.81860620 0.32988389
0.81893965 0.32933786
0.81927309 0.32879160
0.81960654 0.32824513
0.81993998 0.32769843
0.82027342 0.32715151
0.82060687 0.32660437
0.82094031 0.32605700
0.82127376 0.32550941
0.82160720 0.32496160
0.82194065 0.32441357
0.82227409 0.32386532
0.82260754 0.32331684
0.82294098 0.32276814
0.82327442 0.32221922
0.82360787 0.32167008
0.82394131 0.32112071
0.82427476 0.32057112
0.82460820 0.32002131
0.82494165 0.31947128
0.82527509 0.31892102
0.82560854 0.31837054
0.82594198 0.31781984
0.82627543 0.31726892
0.82660887 0.31671778
0.82694231 0.31616641
0.82727576 0.31561482
0.82760920 0.31506301
0.82794265 0.31451097
0.82827609 0.31395872
0.82860954 0.31340624
0.82894298 0.31285353
0.82927643 0.31230061
0.82960987 0.31174746
0.82994331 0.31119409
0.83027676 0.31064050
0.83061020 0.31008669
0.83094365 0.30953265
0.83127709 0.30897840
0.83161054 0.30842392
0.83194398 0.30786921
0.83227743 0.30731429
0.83261087 0.30675914
0.83294431 0.30620377
0.83327776 0.30564818
0.83361120 0.30509236
0.83394465 0.30453632
0.83427809 0.30398006
0.83461154 0.30342358
0.83494498 0.30286688
0.83527843 0.30230995
0.83561187 0.30175280
0.83594532 0.30119543
0.83627876 0.30063784
0.83661220 0.30008002
0.83694565 0.29952198
0.83727909 0.29896372
0.83761254 0.29840524
0.83794598 0.29784653
0.83827943 0.29728760
0.83861287 0.29672845
0.83894632 0.29616908
0.83927976 0.29560948
0.83961320 0.29504967
0.83994665 0.29448963
0.84028009 0.29392936
0.84061354 0.29336888
0.84094698 0.29280817
0.84128043 0.29224724
0.84161387 0.29168609
0.84194732 0.29112472
0.84228076 0.29056312
0.84261420 0.29000130
0.84294765 0.28943926
0.84328109 0.28887700
0.84361454 0.28831451
0.84394798 0.28775180
0.84428143 0.28718887
0.84461487 0.28662572
0.84494832 0.28606234
0.84528176 0.28549875
0.84561521 0.28493492
0.84594865 0.28437088
0.84628209 0.28380662
0.84661554 0.28324213
0.84694898 0.28267742
0.84728243 0.28211249
0.84761587 0.28154733
0.84794932 0.28098196
0.84828276 0.28041636
0.84861621 0.27985054
0.84894965 0.27928449
0.84928309 0.27871823
0.84961654 0.27815174
0.84994998 0.27758503
0.85028343 0.27701809
0.85061687 0.27645094
0.85095032 0.27588356
0.85128376 0.27531596
0.85161721 0.27474813
0.85195065 0.27418009
0.85228409 0.27361182
0.85261754 0.27304333
0.85295098 0.27247462
0.85328443 0.27190568
0.85361787 0.27133653
0.85395132 0.27076715
0.85428476 0.27019755
0.85461821 0.26962772
0.85495165 0.26905768
0.85528510 0.26848741
0.85561854 0.26791691
0.85595198 0.26734620
0.85628543 0.26677526
0.85661887 0.26620411
0.85695232 0.26563273
0.85728576 0.26506112
0.85761921 0.26448930
0.85795265 0.26391725
0.85828610 0.26334498
0.85861954 0.26277249
0.85895298 0.26219977
0.85928643 0.26162683
0.85961987 0.26105367
0.85995332 0.26048029
0.86028676 0.25990669
0.86062021 0.25933286
0.86095365 0.25875881
0.86128710 0.25818454
0.86162054 0.25761004
0.86195398 0.25703533
0.86228743 0.25646039
0.86262087 0.25588523
0.86295432 0.25530984
0.86328776 0.25473424
0.86362121 0.25415841
0.86395465 0.25358236
0.86428810 0.25300609
0.86462154 0.25242959
0.86495498 0.25185287
0.86528843 0.25127593
0.86562187 0.25069877
0.86595532 0.25012139
0.86628876 0.24954378
0.86662221 0.24896595
0.86695565 0.24838790
0.86728910 0.24780962
0.86762254 0.24723113
0.86795599 0.24665241
0.86828943 0.24607347
0.86862287 0.24549430
0.86895632 0.24491492
0.86928976 0.24433531
0.86962321 0.24375548
0.86995665 0.24317542
0.87029010 0.24259515
0.87062354 0.24201465
0.87095699 0.24143393
0.87129043 0.24085299
0.87162387 0.24027182
0.87195732 0.23969043
0.87229076 0.23910882
0.87262421 0.23852699
0.87295765 0.23794494
0.87329110 0.23736266
0.87362454 0.23678016
0.87395799 0.23619744
0.87429143 0.23561449
0.87462487 0.23503133
0.87495832 0.23444794
0.87529176 0.23386433
0.87562521 0.23328049
0.87595865 0.23269644
0.87629210 0.23211216
0.87662554 0.23152766
0.87695899 0.23094294
0.87729243 0.23035799
0.87762588 0.22977282
0.87795932 0.22918743
0.87829276 0.22860182
0.87862621 0.22801599
0.87895965 0.22742993
0.87929310 0.22684365
0.87962654 0.22625715
0.87995999 0.22567042
0.88029343 0.22508348
0.88062688 0.22449631
0.88096032 0.22390891
0.88129376 0.22332130
0.88162721 0.22273346
0.88196065 0.22214541
0.88229410 0.22155712
0.88262754 0.22096862
0.88296099 0.22037990
0.88329443 0.21979095
0.88362788 0.21920178
0.88396132 0.21861238
0.88429476 0.21802277
0.88462821 0.21743293
0.88496165 0.21684287
0.88529510 0.21625259
0.88562854 0.21566208
0.88596199 0.21507136
0.88629543 0.21448041
0.88662888 0.21388924
0.88696232 0.21329784
0.88729577 0.21270622
0.88762921 0.21211439
0.88796265 0.21152232
0.88829610 0.21093004
0.88862954 0.21033753
0.88896299 0.20974481
0.88929643 0.20915186
0.88962988 0.20855868
0.88996332 0.20796529
0.89029677 0.20737167
0.89063021 0.20677783
0.89096365 0.20618377
0.89129710 0.20558948
0.89163054 0.20499497
0.89196399 0.20440024
0.89229743 0.20380529
0.89263088 0.20321012
0.89296432 0.20261472
0.89329777 0.20201910
0.89363121 0.20142326
0.89396465 0.20082720
0.89429810 0.20023091
0.89463154 0.19963440
0.89496499 0.19903767
0.89529843 0.19844072
0.89563188 0.19784354
0.89596532 0.19724614
0.89629877 0.19664852
0.89663221 0.19605068
0.89696566 0.19545261
0.89729910 0.19485433
0.89763254 0.19425582
0.89796599 0.19365708
0.89829943 0.19305813
0.89863288 0.19245895
0.89896632 0.19185955
0.89929977 0.19125993
0.89963321 0.19066009
0.89996666 0.19006002
0.90030010 0.18945973
0.90063354 0.18885922
0.90096699 0.18825848
0.90130043 0.18765753
0.90163388 0.18705635
0.90196732 0.18645495
0.90230077 0.18585333
0.90263421 0.18525148
0.90296766 0.18464941
0.90330110 0.18404712
0.90363454 0.18344461
0.90396799 0.18284187
0.90430143 0.18223892
0.90463488 0.18163574
0.90496832 0.18103233
0.90530177 0.18042871
0.90563521 0.17982486
0.90596866 0.17922079
0.90630210 0.17861650
0.90663555 0.17801199
0.90696899 0.17740725
0.90730243 0.17680229
0.90763588 0.17619711
0.90796932 0.17559171
0.90830277 0.17498608
0.90863621 0.17438023
0.90896966 0.17377416
0.90930310 0.17316787
0.90963655 0.17256136
0.90996999 0.17195462
0.91030343 0.17134766
0.91063688 0.17074047
0.91097032 0.17013307
0.91130377 0.16952544
0.91163721 0.16891759
0.91197066 0.16830952
0.91230410 0.16770123
0.91263755 0.16709271
0.91297099 0.16648397
0.91330443 0.16587501
0.91363788 0.16526583
0.91397132 0.16465642
0.91430477 0.16404679
0.91463821 0.16343694
0.91497166 0.16282687
0.91530510 0.16221657
0.91563855 0.16160605
0.91597199 0.16099531
0.91630544 0.16038435
0.91663888 0.15977316
0.91697232 0.15916176
0.91730577 0.15855013
0.91763921 0.15793827
0.91797266 0.15732620
0.91830610 0.15671390
0.91863955 0.15610138
0.91897299 0.15548864
0.91930644 0.15487568
0.91963988 0.15426249
0.91997332 0.15364908
0.92030677 0.15303545
0.92064021 0.15242160
0.92097366 0.15180752
0.92130710 0.15119322
0.92164055 0.15057870
0.92197399 0.14996396
0.92230744 0.14934899
0.92264088 0.14873381
0.92297432 0.14811840
0.92330777 0.14750276
0.92364121 0.14688691
0.92397466 0.14627083
0.92430810 0.14565453
0.92464155 0.14503801
0.92497499 0.14442126
0.92530844 0.14380430
0.92564188 0.14318711
0.92597533 0.14256970
0.92630877 0.14195206
0.92664221 0.14133421
0.92697566 0.14071613
0.92730910 0.14009783
0.92764255 0.13947930
0.92797599 0.13886056
0.92830944 0.13824159
0.92864288 0.13762240
0.92897633 0.13700299
0.92930977 0.13638335
0.92964321 0.13576349
0.92997666 0.13514341
0.93031010 0.13452311
0.93064355 0.13390259
0.93097699 0.13328184
0.93131044 0.13266087
0.93164388 0.13203968
0.93197733 0.13141826
0.93231077 0.13079663
0.93264421 0.13017477
0.93297766 0.12955269
0.93331110 0.12893038
0.93364455 0.12830786
0.93397799 0.12768511
0.93431144 0.12706214
0.93464488 0.12643895
0.93497833 0.12581553
0.93531177 0.12519189
0.93564522 0.12456803
0.93597866 0.12394395
0.93631210 0.12331964
0.93664555 0.12269512
0.93697899 0.12207037
0.93731244 0.12144539
0.93764588 0.12082020
0.93797933 0.12019478
0.93831277 0.11956914
0.93864622 0.11894328
0.93897966 0.11831720
0.93931310 0.11769089
0.93964655 0.11706436
0.93997999 0.11643761
0.94031344 0.11581064
0.94064688 0.11518344
0.94098033 0.11455602
0.94131377 0.11392838
0.94164722 0.11330052
0.94198066 0.11267244
0.94231410 0.11204413
0.94264755 0.11141560
0.94298099 0.11078685
0.94331444 0.11015787
0.94364788 0.10952867
0.94398133 0.10889925
0.94431477 0.10826961
0.94464822 0.10763975
0.94498166 0.10700966
0.94531511 0.10637935
0.94564855 0.10574882
0.94598199 0.10511807
0.94631544 0.10448709
0.94664888 0.10385589
0.94698233 0.10322447
0.94731577 0.10259283
0.94764922 0.10196096
0.94798266 0.10132887
0.94831611 0.10069656
0.94864955 0.10006403
0.94898299 0.09943128
0.94931644 0.09879830
0.94964988 0.09816510
0.94998333 0.09753168
0.95031677 0.09689803
0.95065022 0.09626417
0.95098366 0.09563008
0.95131711 0.09499576
0.95165055 0.09436123
0.95198399 0.09372647
0.95231744 0.09309150
0.95265088 0.09245629
0.95298433 0.09182087
0.95331777 0.09118522
0.95365122 0.09054936
0.95398466 0.08991327
0.95431811 0.08927695
0.95465155 0.08864042
0.95498499 0.08800366
0.95531844 0.08736668
0.95565188 0.08672948
0.95598533 0.08609205
0.95631877 0.08545440
0.95665222 0.08481653
0.95698566 0.08417844
0.95731911 0.08354013
0.95765255 0.08290159
0.95798600 0.08226283
0.95831944 0.08162385
0.95865288 0.08098465
0.95898633 0.08034522
0.95931977 0.07970557
0.95965322 0.07906570
0.95998666 0.07842561
0.96032011 0.07778529
0.96065355 0.07714475
0.96098700 0.07650399
0.96132044 0.07586301
0.96165388 0.07522181
0.96198733 0.07458038
0.96232077 0.07393873
0.96265422 0.07329686
0.96298766 0.07265476
0.96332111 0.07201244
0.96365455 0.07136991
0.96398800 0.07072714
0.96432144 0.07008416
0.96465488 0.06944095
0.96498833 0.06879752
0.96532177 0.06815387
0.96565522 0.06751000
0.96598866 0.06686590
0.96632211 0.06622158
0.96665555 0.06557704
0.96698900 0.06493228
0.96732244 0.06428730
0.96765589 0.06364209
0.96798933 0.06299666
0.96832277 0.06235100
0.96865622 0.06170513
0.96898966 0.06105903
0.96932311 0.06041271
0.96965655 0.05976617
0.96999000 0.05911941
0.97032344 0.05847242
0.97065689 0.05782521
0.97099033 0.05717778
0.97132377 0.05653012
0.97165722 0.05588225
0.97199066 0.05523415
0.97232411 0.05458583
0.97265755 0.05393729
0.97299100 0.05328852
0.97332444 0.05263953
0.97365789 0.05199032
0.97399133 0.05134089
0.97432477 0.05069123
0.97465822 0.05004136
0.97499166 0.04939126
0.97532511 0.04874093
0.97565855 0.04809039
0.97599200 0.04743962
0.97632544 0.04678863
0.97665889 0.04613742
0.97699233 0.04548599
0.97732578 0.04483433
0.97765922 0.04418245
0.97799266 0.04353035
0.97832611 0.04287803
0.97865955 0.04222548
0.97899300 0.04157271
0.97932644 0.04091972
0.97965989 0.04026651
0.97999333 0.03961307
0.98032678 0.03895941
0.98066022 0.03830553
0.98099366 0.03765143
0.98132711 0.03699711
0.98166055 0.03634256
0.98199400 0.03568779
0.98232744 0.03503280
0.98266089 0.03437758
0.98299433 0.03372214
0.98332778 0.03306649
0.98366122 0.03241060
0.98399466 0.03175450
0.98432811 0.03109817
0.98466155 0.03044162
0.98499500 0.02978485
0.98532844 0.02912786
0.98566189 0.02847064
0.98599533 0.02781321
0.98632878 0.02715555
0.98666222 0.02649766
0.98699567 0.02583956
0.98732911 0.02518123
0.98766255 0.02452268
0.98799600 0.02386391
0.98832944 0.02320491
0.98866289 0.02254569
0.98899633 0.02188626
0.98932978 0.02122659
0.98966322 0.02056671
0.98999667 0.01990660
0.99033011 0.01924627
0.99066355 0.01858572
0.99099700 0.01792495
0.99133044 0.01726395
0.99166389 0.01660273
0.99199733 0.01594129
0.99233078 0.01527963
0.99266422 0.01461774
0.99299767 0.01395564
0.99333111 0.01329331
0.99366455 0.01263075
0.99399800 0.01196798
0.99433144 0.01130498
0.99466489 0.01064176
0.99499833 0.00997832
0.99533178 0.00931465
0.99566522 0.00865077
0.99599867 0.00798666
0.99633211 0.00732233
0.99666556 0.00665777
0.99699900 0.00599299
0.99733244 0.00532800
0.99766589 0.00466277
0.99799933 0.00399733
0.99833278 0.00333167
0.99866622 0.00266578
0.99899967 0.00199967
0.99933311 0.00133333
0.99966656 0.00066678
1.00000000 0.00000000
