0.00000000 1.00000000
0.00013857 0.98822796
0.00027713 0.98335025
0.00041570 0.97960584
0.00055427 0.97644747
0.00069283 0.97366318
0.00083140 0.97114426
0.00096997 0.96882614
0.00110853 0.96666674
0.00124710 0.96463683
0.00138567 0.96271513
0.00152424 0.96088558
0.00166280 0.95913571
0.00180137 0.95745558
0.00193994 0.95583714
0.00207850 0.95427378
0.00221707 0.95275994
0.00235564 0.95129093
0.00249420 0.94986276
0.00263277 0.94847197
0.00277134 0.94711553
0.00290990 0.94579083
0.00304847 0.94449554
0.00318704 0.94322758
0.00332560 0.94198513
0.00346417 0.94076653
0.00360274 0.93957029
0.00374130 0.93839507
0.00387987 0.93723964
0.00401844 0.93610289
0.00415701 0.93498381
0.00429557 0.93388146
0.00443414 0.93279498
0.00457271 0.93172358
0.00471127 0.93066652
0.00484984 0.92962314
0.00498841 0.92859279
0.00512697 0.92757489
0.00526554 0.92656889
0.00540411 0.92557429
0.00554267 0.92459060
0.00568124 0.92361738
0.00581981 0.92265420
0.00595837 0.92170066
0.00609694 0.92075640
0.00623551 0.91982107
0.00637407 0.91889432
0.00651264 0.91797585
0.00665121 0.91706536
0.00678977 0.91616256
0.00692834 0.91526719
0.00706691 0.91437900
0.00720548 0.91349774
0.00734404 0.91262319
0.00748261 0.91175512
0.00762118 0.91089333
0.00775974 0.91003761
0.00789831 0.90918779
0.00803688 0.90834367
0.00817544 0.90750508
0.00831401 0.90667186
0.00845258 0.90584384
0.00859114 0.90502089
0.00872971 0.90420284
0.00886828 0.90338956
0.00900684 0.90258091
0.00914541 0.90177678
0.00928398 0.90097702
0.00942254 0.90018152
0.00956111 0.89939017
0.00969968 0.89860286
0.00983825 0.89781947
0.00997681 0.89703991
0.01011538 0.89626408
0.01025395 0.89549189
0.01039251 0.89472323
0.01053108 0.89395803
0.01066965 0.89319619
0.01080821 0.89243763
0.01094678 0.89168228
0.01108535 0.89093005
0.01122391 0.89018087
0.01136248 0.88943467
0.01150105 0.88869138
0.01163961 0.88795093
0.01177818 0.88721325
0.01191675 0.88647829
0.01205531 0.88574597
0.01219388 0.88501625
0.01233245 0.88428906
0.01247102 0.88356434
0.01260958 0.88284205
0.01274815 0.88212213
0.01288672 0.88140452
0.01302528 0.88068918
0.01316385 0.87997607
0.01330242 0.87926512
0.01344098 0.87855631
0.01357955 0.87784958
0.01371812 0.87714489
0.01385668 0.87644221
0.01399525 0.87574148
0.01413382 0.87504267
0.01427238 0.87434575
0.01441095 0.87365067
0.01454952 0.87295740
0.01468808 0.87226590
0.01482665 0.87157615
0.01496522 0.87088810
0.01510379 0.87020173
0.01524235 0.86951700
0.01538092 0.86883388
0.01551949 0.86815235
0.01565805 0.86747237
0.01579662 0.86679392
0.01593519 0.86611697
0.01607375 0.86544149
0.01621232 0.86476746
0.01635089 0.86409485
0.01648945 0.86342364
0.01662802 0.86275380
0.01676659 0.86208531
0.01690515 0.86141815
0.01704372 0.86075230
0.01718229 0.86008773
0.01732085 0.85942442
0.01745942 0.85876236
0.01759799 0.85810152
0.01773656 0.85744189
0.01787512 0.85678344
0.01801369 0.85612616
0.01815226 0.85547003
0.01829082 0.85481503
0.01842939 0.85416115
0.01856796 0.85350837
0.01870652 0.85285668
0.01884509 0.85220605
0.01898366 0.85155647
0.01912222 0.85090794
0.01926079 0.85026043
0.01939936 0.84961393
0.01953792 0.84896843
0.01967649 0.84832391
0.01981506 0.84768037
0.01995362 0.84703779
0.02009219 0.84639615
0.02023076 0.84575545
0.02036932 0.84511568
0.02050789 0.84447681
0.02064646 0.84383886
0.02078503 0.84320179
0.02092359 0.84256561
0.02106216 0.84193030
0.02120073 0.84129586
0.02133929 0.84066227
0.02147786 0.84002952
0.02161643 0.83939762
0.02175499 0.83876654
0.02189356 0.83813628
0.02203213 0.83750684
0.02217069 0.83687820
0.02230926 0.83625036
0.02244783 0.83562331
0.02258639 0.83499704
0.02272496 0.83437156
0.02286353 0.83374684
0.02300209 0.83312289
0.02314066 0.83249970
0.02327923 0.83187726
0.02341780 0.83125557
0.02355636 0.83063463
0.02369493 0.83001442
0.02383350 0.82939494
0.02397206 0.82877620
0.02411063 0.82815817
0.02424920 0.82754087
0.02438776 0.82692428
0.02452633 0.82630841
0.02466490 0.82569324
0.02480346 0.82507877
0.02494203 0.82446501
0.02508060 0.82385194
0.02521916 0.82323957
0.02535773 0.82262789
0.02549630 0.82201690
0.02563486 0.82140660
0.02577343 0.82079697
0.02591200 0.82018804
0.02605057 0.81957978
0.02618913 0.81897219
0.02632770 0.81836529
0.02646627 0.81775906
0.02660483 0.81715350
0.02674340 0.81654861
0.02688197 0.81594439
0.02702053 0.81534084
0.02715910 0.81473796
0.02729767 0.81413574
0.02743623 0.81353420
0.02757480 0.81293331
0.02771337 0.81233310
0.02785193 0.81173354
0.02799050 0.81113465
0.02812907 0.81053643
0.02826763 0.80993887
0.02840620 0.80934198
0.02854477 0.80874575
0.02868334 0.80815018
0.02882190 0.80755528
0.02896047 0.80696105
0.02909904 0.80636748
0.02923760 0.80577458
0.02937617 0.80518235
0.02951474 0.80459078
0.02965330 0.80399989
0.02979187 0.80340967
0.02993044 0.80282012
0.03006900 0.80223125
0.03020757 0.80164305
0.03034614 0.80105552
0.03048470 0.80046868
0.03062327 0.79988252
0.03076184 0.79929703
0.03090040 0.79871224
0.03103897 0.79812812
0.03117754 0.79754470
0.03131610 0.79696196
0.03145467 0.79637992
0.03159324 0.79579857
0.03173181 0.79521792
0.03187037 0.79463797
0.03200894 0.79405872
0.03214751 0.79348018
0.03228607 0.79290234
0.03242464 0.79232521
0.03256321 0.79174879
0.03270177 0.79117309
0.03284034 0.79059811
0.03297891 0.79002384
0.03311747 0.78945031
0.03325604 0.78887750
0.03339461 0.78830542
0.03353317 0.78773407
0.03367174 0.78716347
0.03381031 0.78659360
0.03394887 0.78602448
0.03408744 0.78545610
0.03422601 0.78488848
0.03436458 0.78432161
0.03450314 0.78375550
0.03464171 0.78319015
0.03478028 0.78262557
0.03491884 0.78206176
0.03505741 0.78149872
0.03519598 0.78093647
0.03533454 0.78037499
0.03547311 0.77981430
0.03561168 0.77925440
0.03575024 0.77869529
0.03588881 0.77813699
0.03602738 0.77757948
0.03616594 0.77702278
0.03630451 0.77646690
0.03644308 0.77591183
0.03658164 0.77535758
0.03672021 0.77480416
0.03685878 0.77425156
0.03699735 0.77369980
0.03713591 0.77314888
0.03727448 0.77259880
0.03741305 0.77204957
0.03755161 0.77150119
0.03769018 0.77095367
0.03782875 0.77040702
0.03796731 0.76986123
0.03810588 0.76931631
0.03824445 0.76877227
0.03838301 0.76822911
0.03852158 0.76768684
0.03866015 0.76714546
0.03879871 0.76660498
0.03893728 0.76606540
0.03907585 0.76552673
0.03921441 0.76498897
0.03935298 0.76445213
0.03949155 0.76391622
0.03963012 0.76338123
0.03976868 0.76284717
0.03990725 0.76231406
0.04004582 0.76178189
0.04018438 0.76125067
0.04032295 0.76072040
0.04046152 0.76019110
0.04060008 0.75966276
0.04073865 0.75913539
0.04087722 0.75860900
0.04101578 0.75808359
0.04115435 0.75755918
0.04129292 0.75703575
0.04143148 0.75651333
0.04157005 0.75599191
0.04170862 0.75547150
0.04184718 0.75495211
0.04198575 0.75443374
0.04212432 0.75391640
0.04226289 0.75340009
0.04240145 0.75288482
0.04254002 0.75237059
0.04267859 0.75185742
0.04281715 0.75134531
0.04295572 0.75083425
0.04309429 0.75032427
0.04323285 0.74981536
0.04337142 0.74930753
0.04350999 0.74880079
0.04364855 0.74829514
0.04378712 0.74779058
0.04392569 0.74728713
0.04406425 0.74678479
0.04420282 0.74628357
0.04434139 0.74578347
0.04447995 0.74528449
0.04461852 0.74478665
0.04475709 0.74428995
0.04489565 0.74379440
0.04503422 0.74330000
0.04517279 0.74280675
0.04531136 0.74231467
0.04544992 0.74182376
0.04558849 0.74133402
0.04572706 0.74084547
0.04586562 0.74035811
0.04600419 0.73987194
0.04614276 0.73938697
0.04628132 0.73890320
0.04641989 0.73842065
0.04655846 0.73793932
0.04669702 0.73745921
0.04683559 0.73698034
0.04697416 0.73650270
0.04711272 0.73602630
0.04725129 0.73555115
0.04738986 0.73507726
0.04752842 0.73460463
0.04766699 0.73413327
0.04780556 0.73366318
0.04794413 0.73319437
0.04808269 0.73272685
0.04822126 0.73226062
0.04835983 0.73179568
0.04849839 0.73133206
0.04863696 0.73086974
0.04877553 0.73040874
0.04891409 0.72994906
0.04905266 0.72949071
0.04919123 0.72903370
0.04932979 0.72857803
0.04946836 0.72812370
0.04960693 0.72767073
0.04974549 0.72721912
0.04988406 0.72676887
0.05002263 0.72632000
0.05016119 0.72587250
0.05029976 0.72542639
0.05043833 0.72498166
0.05057690 0.72453834
0.05071546 0.72409641
0.05085403 0.72365589
0.05099260 0.72321679
0.05113116 0.72277911
0.05126973 0.72234286
0.05140830 0.72190803
0.05154686 0.72147465
0.05168543 0.72104271
0.05182400 0.72061222
0.05196256 0.72018319
0.05210113 0.71975562
0.05223970 0.71932951
0.05237826 0.71890488
0.05251683 0.71848174
0.05265540 0.71806008
0.05279396 0.71763991
0.05293253 0.71722124
0.05307110 0.71680407
0.05320967 0.71638841
0.05334823 0.71597427
0.05348680 0.71556165
0.05362537 0.71515056
0.05376393 0.71474100
0.05390250 0.71433298
0.05404107 0.71392650
0.05417963 0.71352158
0.05431820 0.71311821
0.05445677 0.71271640
0.05459533 0.71231617
0.05473390 0.71191750
0.05487247 0.71152042
0.05501103 0.71112492
0.05514960 0.71073101
0.05528817 0.71033870
0.05542673 0.70994799
0.05556530 0.70955888
0.05570387 0.70917139
0.05584243 0.70878552
0.05598100 0.70840128
0.05611957 0.70801866
0.05625814 0.70763768
0.05639670 0.70725834
0.05653527 0.70688065
0.05667384 0.70650461
0.05681240 0.70613022
0.05695097 0.70575750
0.05708954 0.70538645
0.05722810 0.70501707
0.05736667 0.70464937
0.05750524 0.70428335
0.05764380 0.70391902
0.05778237 0.70355639
0.05792094 0.70319546
0.05805950 0.70283623
0.05819807 0.70247872
0.05833664 0.70212292
0.05847520 0.70176884
0.05861377 0.70141648
0.05875234 0.70106586
0.05889091 0.70071697
0.05902947 0.70036983
0.05916804 0.70002443
0.05930661 0.69968078
0.05944517 0.69933889
0.05958374 0.69899876
0.05972231 0.69866039
0.05986087 0.69832380
0.05999944 0.69798898
0.06013801 0.69765595
0.06027657 0.69732470
0.06041514 0.69699524
0.06055371 0.69666757
0.06069227 0.69634171
0.06083084 0.69601764
0.06096941 0.69569539
0.06110797 0.69537496
0.06124654 0.69505634
0.06138511 0.69473954
0.06152368 0.69442457
0.06166224 0.69411144
0.06180081 0.69380014
0.06193938 0.69349068
0.06207794 0.69318306
0.06221651 0.69287730
0.06235508 0.69257339
0.06249364 0.69227134
0.06263221 0.69197115
0.06277078 0.69167283
0.06290934 0.69137639
0.06304791 0.69108181
0.06318648 0.69078912
0.06332504 0.69049831
0.06346361 0.69020939
0.06360218 0.68992236
0.06374074 0.68963723
0.06387931 0.68935399
0.06401788 0.68907267
0.06415645 0.68879324
0.06429501 0.68851574
0.06443358 0.68824014
0.06457215 0.68796647
0.06471071 0.68769472
0.06484928 0.68742490
0.06498785 0.68715701
0.06512641 0.68689105
0.06526498 0.68662703
0.06540355 0.68636495
0.06554211 0.68610482
0.06568068 0.68584664
0.06581925 0.68559041
0.06595781 0.68533613
0.06609638 0.68508382
0.06623495 0.68483346
0.06637351 0.68458508
0.06651208 0.68433866
0.06665065 0.68409421
0.06678922 0.68385174
0.06692778 0.68361125
0.06706635 0.68337275
0.06720492 0.68313622
0.06734348 0.68290169
0.06748205 0.68266915
0.06762062 0.68243860
0.06775918 0.68221005
0.06789775 0.68198350
0.06803632 0.68175895
0.06817488 0.68153641
0.06831345 0.68131587
0.06845202 0.68109735
0.06859058 0.68088084
0.06872915 0.68066635
0.06886772 0.68045388
0.06900628 0.68024343
0.06914485 0.68003500
0.06928342 0.67982861
0.06942198 0.67962424
0.06956055 0.67942190
0.06969912 0.67922160
0.06983769 0.67902333
0.06997625 0.67882710
0.07011482 0.67863292
0.07025339 0.67844078
0.07039195 0.67825068
0.07053052 0.67806263
0.07066909 0.67787663
0.07080765 0.67769268
0.07094622 0.67751078
0.07108479 0.67733095
0.07122335 0.67715316
0.07136192 0.67697744
0.07150049 0.67680378
0.07163905 0.67663218
0.07177762 0.67646265
0.07191619 0.67629518
0.07205475 0.67612978
0.07219332 0.67596645
0.07233189 0.67580519
0.07247046 0.67564600
0.07260902 0.67548889
0.07274759 0.67533385
0.07288616 0.67518089
0.07302472 0.67503000
0.07316329 0.67488120
0.07330186 0.67473447
0.07344042 0.67458983
0.07357899 0.67444727
0.07371756 0.67430679
0.07385612 0.67416840
0.07399469 0.67403209
0.07413326 0.67389787
0.07427182 0.67376574
0.07441039 0.67363570
0.07454896 0.67350774
0.07468752 0.67338187
0.07482609 0.67325810
0.07496466 0.67313641
0.07510323 0.67301682
0.07524179 0.67289932
0.07538036 0.67278391
0.07551893 0.67267060
0.07565749 0.67255938
0.07579606 0.67245025
0.07593463 0.67234321
0.07607319 0.67223828
0.07621176 0.67213543
0.07635033 0.67203468
0.07648889 0.67193603
0.07662746 0.67183947
0.07676603 0.67174500
0.07690459 0.67165263
0.07704316 0.67156235
0.07718173 0.67147417
0.07732029 0.67138808
0.07745886 0.67130409
0.07759743 0.67122219
0.07773600 0.67114239
0.07787456 0.67106467
0.07801313 0.67098905
0.07815170 0.67091552
0.07829026 0.67084409
0.07842883 0.67077474
0.07856740 0.67070749
0.07870596 0.67064232
0.07884453 0.67057924
0.07898310 0.67051825
0.07912166 0.67045935
0.07926023 0.67040254
0.07939880 0.67034780
0.07953736 0.67029516
0.07967593 0.67024459
0.07981450 0.67019611
0.07995306 0.67014971
0.08009163 0.67010539
0.08023020 0.67006315
0.08036877 0.67002298
0.08050733 0.66998489
0.08064590 0.66994888
0.08078447 0.66991494
0.08092303 0.66988307
0.08106160 0.66985326
0.08120017 0.66982553
0.08133873 0.66979986
0.08147730 0.66977626
0.08161587 0.66975472
0.08175443 0.66973524
0.08189300 0.66971782
0.08203157 0.66970246
0.08217013 0.66968916
0.08230870 0.66967790
0.08244727 0.66966870
0.08258583 0.66966155
0.08272440 0.66965644
0.08286297 0.66965338
0.08300153 0.66965236
0.18222878 0.66965207
0.18235488 0.66895773
0.18248098 0.66826108
0.18260708 0.66756214
0.18273318 0.66686090
0.18285928 0.66615738
0.18298538 0.66545158
0.18311148 0.66474351
0.18323758 0.66403317
0.18336368 0.66332058
0.18348977 0.66260573
0.18361587 0.66188864
0.18374197 0.66116931
0.18386807 0.66044775
0.18399417 0.65972397
0.18412027 0.65899797
0.18424637 0.65826976
0.18437247 0.65753934
0.18449857 0.65680674
0.18462467 0.65607194
0.18475077 0.65533497
0.18487687 0.65459582
0.18500297 0.65385450
0.18512907 0.65311103
0.18525517 0.65236541
0.18538127 0.65161764
0.18550737 0.65086774
0.18563347 0.65011571
0.18575957 0.64936156
0.18588566 0.64860530
0.18601176 0.64784694
0.18613786 0.64708647
0.18626396 0.64632392
0.18639006 0.64555929
0.18651616 0.64479259
0.18664226 0.64402382
0.18676836 0.64325299
0.18689446 0.64248012
0.18702056 0.64170520
0.18714666 0.64092826
0.18727276 0.64014929
0.18739886 0.63936830
0.18752496 0.63858531
0.18765106 0.63780032
0.18777716 0.63701334
0.18790326 0.63622438
0.18802936 0.63543344
0.18815546 0.63464055
0.18828155 0.63384569
0.18840765 0.63304889
0.18853375 0.63225015
0.18865985 0.63144948
0.18878595 0.63064689
0.18891205 0.62984239
0.18903815 0.62903599
0.18916425 0.62822769
0.18929035 0.62741751
0.18941645 0.62660545
0.18954255 0.62579153
0.18966865 0.62497574
0.18979475 0.62415812
0.18992085 0.62333865
0.19004695 0.62251735
0.19017305 0.62169423
0.19029915 0.62086930
0.19042525 0.62004257
0.19055135 0.61921405
0.19067744 0.61838375
0.19080354 0.61755167
0.19092964 0.61671783
0.19105574 0.61588224
0.19118184 0.61504490
0.19130794 0.61420583
0.19143404 0.61336504
0.19156014 0.61252253
0.19168624 0.61167831
0.19181234 0.61083240
0.19193844 0.60998481
0.19206454 0.60913554
0.19219064 0.60828461
0.19231674 0.60743202
0.19244284 0.60657779
0.19256894 0.60572192
0.19269504 0.60486443
0.19282114 0.60400533
0.19294724 0.60314462
0.19307333 0.60228232
0.19319943 0.60141844
0.19332553 0.60055298
0.19345163 0.59968596
0.19357773 0.59881739
0.19370383 0.59794728
0.19382993 0.59707564
0.19395603 0.59620248
0.19408213 0.59532781
0.19420823 0.59445164
0.19433433 0.59357398
0.19446043 0.59269485
0.19458653 0.59181425
0.19471263 0.59093220
0.19483873 0.59004870
0.19496483 0.58916377
0.19509093 0.58827741
0.19521703 0.58738965
0.19534313 0.58650048
0.19546922 0.58560993
0.19559532 0.58471799
0.19572142 0.58382469
0.19584752 0.58293004
0.19597362 0.58203404
0.19609972 0.58113670
0.19622582 0.58023805
0.19635192 0.57933808
0.19647802 0.57843681
0.19660412 0.57753426
0.19673022 0.57663043
0.19685632 0.57572534
0.19698242 0.57481899
0.19710852 0.57391140
0.19723462 0.57300258
0.19736072 0.57209254
0.19748682 0.57118129
0.19761292 0.57026885
0.19773901 0.56935523
0.19786511 0.56844043
0.19799121 0.56752448
0.19811731 0.56660737
0.19824341 0.56568913
0.19836951 0.56476977
0.19849561 0.56384929
0.19862171 0.56292772
0.19874781 0.56200505
0.19887391 0.56108131
0.19900001 0.56015651
0.19912611 0.55923065
0.19925221 0.55830376
0.19937831 0.55737583
0.19950441 0.55644689
0.19963051 0.55551695
0.19975661 0.55458602
0.19988271 0.55365411
0.20000881 0.55272123
0.20013490 0.55178740
0.20026100 0.55085263
0.20038710 0.54991693
0.20051320 0.54898031
0.20063930 0.54804279
0.20076540 0.54710437
0.20089150 0.54616508
0.20101760 0.54522492
0.20114370 0.54428391
0.20126980 0.54334206
0.20139590 0.54239937
0.20152200 0.54145588
0.20164810 0.54051158
0.20177420 0.53956649
0.20190030 0.53862062
0.20202640 0.53767399
0.20215250 0.53672661
0.20227860 0.53577848
0.20240470 0.53482964
0.20253079 0.53388007
0.20265689 0.53292981
0.20278299 0.53197887
0.20290909 0.53102725
0.20303519 0.53007496
0.20316129 0.52912203
0.20328739 0.52816847
0.20341349 0.52721428
0.20353959 0.52625949
0.20366569 0.52530410
0.20379179 0.52434813
0.20391789 0.52339159
0.20404399 0.52243449
0.20417009 0.52147686
0.20429619 0.52051869
0.20442229 0.51956001
0.20454839 0.51860082
0.20467449 0.51764115
0.20480059 0.51668100
0.20492668 0.51572039
0.20505278 0.51475933
0.20517888 0.51379784
0.20530498 0.51283592
0.20543108 0.51187360
0.20555718 0.51091088
0.20568328 0.50994778
0.20580938 0.50898432
0.20593548 0.50802050
0.20606158 0.50705634
0.20618768 0.50609185
0.20631378 0.50512705
0.20643988 0.50416195
0.20656598 0.50319657
0.20669208 0.50223091
0.20681818 0.50126500
0.20694428 0.50029884
0.20707038 0.49933246
0.20719648 0.49836585
0.20732257 0.49739905
0.20744867 0.49643205
0.20757477 0.49546488
0.20770087 0.49449755
0.20782697 0.49353007
0.20795307 0.49256246
0.20807917 0.49159473
0.20820527 0.49062689
0.20833137 0.48965897
0.20845747 0.48869096
0.20858357 0.48772290
0.20870967 0.48675478
0.20883577 0.48578663
0.20896187 0.48481845
0.20908797 0.48385028
0.20921407 0.48288210
0.20934017 0.48191395
0.20946627 0.48094584
0.20959237 0.47997777
0.20971846 0.47900977
0.20984456 0.47804184
0.20997066 0.47707401
0.21009676 0.47610628
0.21022286 0.47513867
0.21034896 0.47417120
0.21047506 0.47320388
0.21060116 0.47223672
0.21072726 0.47126974
0.21085336 0.47030295
0.21097946 0.46933636
0.21110556 0.46837000
0.21123166 0.46740387
0.21135776 0.46643799
0.21148386 0.46547237
0.21160996 0.46450703
0.21173606 0.46354199
0.21186216 0.46257725
0.21198826 0.46161283
0.21211435 0.46064874
0.21224045 0.45968501
0.21236655 0.45872163
0.21249265 0.45775864
0.21261875 0.45679604
0.21274485 0.45583385
0.21287095 0.45487208
0.21299705 0.45391075
0.21312315 0.45294986
0.21324925 0.45198944
0.21337535 0.45102951
0.21350145 0.45007006
0.21362755 0.44911113
0.21375365 0.44815271
0.21387975 0.44719484
0.21400585 0.44623752
0.21413195 0.44528076
0.21425805 0.44432459
0.21438415 0.44336901
0.21451024 0.44241404
0.21463634 0.44145970
0.21476244 0.44050599
0.21488854 0.43955294
0.21501464 0.43860056
0.21514074 0.43764887
0.21526684 0.43669787
0.21539294 0.43574758
0.21551904 0.43479802
0.21564514 0.43384920
0.21577124 0.43290114
0.21589734 0.43195384
0.21602344 0.43100734
0.21614954 0.43006163
0.21627564 0.42911674
0.21640174 0.42817267
0.21652784 0.42722945
0.21665394 0.42628709
0.21678004 0.42534560
0.21690613 0.42440500
0.21703223 0.42346530
0.21715833 0.42252652
0.21728443 0.42158867
0.21741053 0.42065176
0.21753663 0.41971582
0.21766273 0.41878085
0.21778883 0.41784687
0.21791493 0.41691389
0.21804103 0.41598193
0.21816713 0.41505101
0.21829323 0.41412113
0.21841933 0.41319232
0.21854543 0.41226458
0.21867153 0.41133794
0.21879763 0.41041240
0.21892373 0.40948798
0.21904983 0.40856470
0.21917593 0.40764257
0.21930202 0.40672160
0.21942812 0.40580182
0.21955422 0.40488322
0.21968032 0.40396584
0.21980642 0.40304967
0.21993252 0.40213475
0.22005862 0.40122107
0.22018472 0.40030867
0.22031082 0.39939754
0.22043692 0.39848771
0.22056302 0.39757919
0.22068912 0.39667199
0.22081522 0.39576613
0.22094132 0.39486163
0.22106742 0.39395849
0.22119352 0.39305674
0.22131962 0.39215638
0.22144572 0.39125743
0.22157182 0.39035991
0.22169791 0.38946383
0.22182401 0.38856921
0.22195011 0.38767605
0.22207621 0.38678438
0.22220231 0.38589420
0.22232841 0.38500554
0.22245451 0.38411840
0.22258061 0.38323280
0.22270671 0.38234876
0.22283281 0.38146629
0.22295891 0.38058540
0.22308501 0.37970611
0.22321111 0.37882843
0.22333721 0.37795238
0.22346331 0.37707797
0.22358941 0.37620521
0.22371551 0.37533412
0.22384161 0.37446472
0.22396771 0.37359702
0.22409380 0.37273102
0.22421990 0.37186676
0.22434600 0.37100423
0.22447210 0.37014346
0.22459820 0.36928445
0.22472430 0.36842723
0.22485040 0.36757181
0.22497650 0.36671820
0.22510260 0.36586641
0.22522870 0.36501646
0.22535480 0.36416837
0.22548090 0.36332214
0.22560700 0.36247779
0.22573310 0.36163534
0.22585920 0.36079480
0.22598530 0.35995618
0.22611140 0.35911949
0.22623750 0.35828476
0.22636360 0.35745199
0.22648969 0.35662120
0.22661579 0.35579241
0.22674189 0.35496562
0.22686799 0.35414085
0.22699409 0.35331811
0.22712019 0.35249742
0.22724629 0.35167880
0.22737239 0.35086224
0.22749849 0.35004778
0.22762459 0.34923542
0.22775069 0.34842518
0.22787679 0.34761706
0.22800289 0.34681109
0.22812899 0.34600728
0.22825509 0.34520563
0.22838119 0.34440617
0.22850729 0.34360891
0.22863339 0.34281386
0.22875948 0.34202103
0.22888558 0.34123044
0.22901168 0.34044211
0.22913778 0.33965604
0.22926388 0.33887224
0.22938998 0.33809074
0.22951608 0.33731154
0.22964218 0.33653467
0.22976828 0.33576012
0.22989438 0.33498791
0.23002048 0.33421807
0.23014658 0.33345060
0.23027268 0.33268551
0.23039878 0.33192282
0.23052488 0.33116253
0.23065098 0.33040468
0.23077708 0.32964925
0.23090318 0.32889628
0.23102928 0.32814577
0.23115537 0.32739774
0.23128147 0.32665220
0.23140757 0.32590915
0.23153367 0.32516862
0.23165977 0.32443062
0.23178587 0.32369516
0.23191197 0.32296225
0.23203807 0.32223191
0.23216417 0.32150414
0.23229027 0.32077897
0.23241637 0.32005640
0.23254247 0.31933644
0.23266857 0.31861912
0.23279467 0.31790443
0.23292077 0.31719240
0.23304687 0.31648304
0.23317297 0.31577635
0.23329907 0.31507236
0.23342517 0.31437107
0.23355126 0.31367249
0.23367736 0.31297665
0.23380346 0.31228354
0.23392956 0.31159319
0.23405566 0.31090560
0.23418176 0.31022079
0.23430786 0.30953877
0.23443396 0.30885955
0.23456006 0.30818314
0.23468616 0.30750956
0.23481226 0.30683882
0.23493836 0.30617093
0.23506446 0.30550589
0.23519056 0.30484374
0.23531666 0.30418446
0.23544276 0.30352809
0.23556886 0.30287462
0.23569496 0.30222407
0.23582106 0.30157646
0.23594715 0.30093179
0.23607325 0.30029008
0.23619935 0.29965133
0.23632545 0.29901556
0.23645155 0.29838278
0.23657765 0.29775301
0.23670375 0.29712624
0.23682985 0.29650251
0.23695595 0.29588180
0.23708205 0.29526415
0.23720815 0.29464955
0.23733425 0.29403802
0.23746035 0.29342958
0.23758645 0.29282422
0.23771255 0.29222197
0.23783865 0.29162284
0.23796475 0.29102683
0.23809085 0.29043395
0.23821695 0.28984422
0.23834304 0.28925765
0.23846914 0.28867425
0.23859524 0.28809403
0.23872134 0.28751700
0.23884744 0.28694317
0.23897354 0.28637255
0.23909964 0.28580515
0.23922574 0.28524099
0.23935184 0.28468007
0.23947794 0.28412241
0.23960404 0.28356801
0.23973014 0.28301688
0.23985624 0.28246904
0.23998234 0.28192450
0.24010844 0.28138326
0.24023454 0.28084533
0.24036064 0.28031074
0.24048674 0.27977947
0.24061284 0.27925156
0.24073893 0.27872700
0.24086503 0.27820581
0.24099113 0.27768799
0.24111723 0.27717357
0.24124333 0.27666253
0.24136943 0.27615490
0.24149553 0.27565069
0.24162163 0.27514991
0.24174773 0.27465255
0.24187383 0.27415865
0.24199993 0.27366819
0.24212603 0.27318120
0.24225213 0.27269769
0.24237823 0.27221765
0.24250433 0.27174111
0.24263043 0.27126807
0.24275653 0.27079853
0.24288263 0.27033252
0.24300873 0.26987004
0.24313482 0.26941109
0.24326092 0.26895569
0.24338702 0.26850385
0.24351312 0.26805557
0.24363922 0.26761086
0.24376532 0.26716974
0.24389142 0.26673220
0.24401752 0.26629827
0.24414362 0.26586795
0.24426972 0.26544124
0.24439582 0.26501816
0.24452192 0.26459871
0.24464802 0.26418290
0.24477412 0.26377075
0.24490022 0.26336225
0.24502632 0.26295743
0.24515242 0.26255627
0.24527852 0.26215881
0.24540462 0.26176503
0.24553071 0.26137496
0.24565681 0.26098859
0.24578291 0.26060594
0.24590901 0.26022701
0.24603511 0.25985181
0.24616121 0.25948036
0.24628731 0.25911265
0.24641341 0.25874870
0.24653951 0.25838851
0.24666561 0.25803209
0.24679171 0.25767945
0.24691781 0.25733059
0.24704391 0.25698553
0.24717001 0.25664426
0.24729611 0.25630681
0.24742221 0.25597317
0.24754831 0.25564335
0.24767441 0.25531735
0.24780051 0.25499520
0.24792660 0.25467689
0.24805270 0.25436242
0.24817880 0.25405182
0.24830490 0.25374508
0.24843100 0.25344220
0.24855710 0.25314321
0.24868320 0.25284810
0.24880930 0.25255688
0.24893540 0.25226955
0.24906150 0.25198613
0.24918760 0.25170662
0.24931370 0.25143102
0.24943980 0.25115935
0.24956590 0.25089160
0.24969200 0.25062779
0.24981810 0.25036792
0.24994420 0.25011199
0.25007030 0.24986002
0.25019640 0.24961201
0.25032249 0.24936796
0.25044859 0.24912788
0.25057469 0.24889178
0.25070079 0.24865966
0.25082689 0.24843153
0.25095299 0.24820739
0.25107909 0.24798724
0.25120519 0.24777110
0.25133129 0.24755897
0.25145739 0.24735086
0.25158349 0.24714676
0.25170959 0.24694669
0.25183569 0.24675064
0.25196179 0.24655864
0.25208789 0.24637067
0.25221399 0.24618674
0.25234009 0.24600687
0.25246619 0.24583105
0.25259229 0.24565929
0.25271838 0.24549159
0.25284448 0.24532796
0.25297058 0.24516840
0.25309668 0.24501292
0.25322278 0.24486153
0.25334888 0.24471421
0.25347498 0.24457099
0.25360108 0.24443186
0.25372718 0.24429683
0.25385328 0.24416591
0.25397938 0.24403909
0.25410548 0.24391638
0.25423158 0.24379778
0.25435768 0.24368330
0.25448378 0.24357295
0.25460988 0.24346672
0.25473598 0.24336461
0.25486208 0.24326665
0.25498818 0.24317281
0.25511427 0.24308312
0.25524037 0.24299757
0.25536647 0.24291616
0.25549257 0.24283891
0.25561867 0.24276581
0.25574477 0.24269686
0.25587087 0.24263207
0.25599697 0.24257144
0.25612307 0.24251498
0.25624917 0.24246268
0.25637527 0.24241456
0.25650137 0.24237060
0.25662747 0.24233083
0.25675357 0.24229522
0.25687967 0.24226380
0.25700577 0.24223656
0.25713187 0.24221351
0.25725797 0.24219464
0.25738406 0.24217996
0.25751016 0.24216948
0.25763626 0.24216318
0.25776236 0.24216109
0.40931367 0.24216109
0.40938808 0.24116553
0.40946248 0.24017030
0.40953689 0.23917540
0.40961129 0.23818083
0.40968570 0.23718660
0.40976010 0.23619271
0.40983451 0.23519917
0.40990891 0.23420599
0.40998332 0.23321316
0.41005772 0.23222071
0.41013213 0.23122862
0.41020653 0.23023691
0.41028094 0.22924558
0.41035534 0.22825464
0.41042975 0.22726409
0.41050415 0.22627394
0.41057856 0.22528419
0.41065296 0.22429485
0.41072736 0.22330592
0.41080177 0.22231742
0.41087617 0.22132933
0.41095058 0.22034168
0.41102498 0.21935446
0.41109939 0.21836768
0.41117379 0.21738135
0.41124820 0.21639547
0.41132260 0.21541005
0.41139701 0.21442508
0.41147141 0.21344059
0.41154582 0.21245656
0.41162022 0.21147302
0.41169463 0.21048996
0.41176903 0.20950738
0.41184344 0.20852531
0.41191784 0.20754373
0.41199224 0.20656265
0.41206665 0.20558209
0.41214105 0.20460204
0.41221546 0.20362251
0.41228986 0.20264350
0.41236427 0.20166503
0.41243867 0.20068709
0.41251308 0.19970970
0.41258748 0.19873285
0.41266189 0.19775656
0.41273629 0.19678083
0.41281070 0.19580565
0.41288510 0.19483105
0.41295951 0.19385702
0.41303391 0.19288357
0.41310832 0.19191070
0.41318272 0.19093843
0.41325713 0.18996675
0.41333153 0.18899567
0.41340593 0.18802519
0.41348034 0.18705533
0.41355474 0.18608608
0.41362915 0.18511746
0.41370355 0.18414946
0.41377796 0.18318210
0.41385236 0.18221537
0.41392677 0.18124928
0.41400117 0.18028385
0.41407558 0.17931907
0.41414998 0.17835494
0.41422439 0.17739148
0.41429879 0.17642869
0.41437320 0.17546658
0.41444760 0.17450515
0.41452201 0.17354440
0.41459641 0.17258434
0.41467081 0.17162498
0.41474522 0.17066632
0.41481962 0.16970836
0.41489403 0.16875112
0.41496843 0.16779459
0.41504284 0.16683879
0.41511724 0.16588372
0.41519165 0.16492937
0.41526605 0.16397577
0.41534046 0.16302291
0.41541486 0.16207080
0.41548927 0.16111944
0.41556367 0.16016884
0.41563808 0.15921901
0.41571248 0.15826995
0.41578689 0.15732166
0.41586129 0.15637415
0.41593570 0.15542743
0.41601010 0.15448149
0.41608450 0.15353636
0.41615891 0.15259202
0.41623331 0.15164850
0.41630772 0.15070578
0.41638212 0.14976388
0.41645653 0.14882280
0.41653093 0.14788255
0.41660534 0.14694314
0.41667974 0.14600456
0.41675415 0.14506682
0.41682855 0.14412994
0.41690296 0.14319390
0.41697736 0.14225873
0.41705177 0.14132442
0.41712617 0.14039097
0.41720058 0.13945841
0.41727498 0.13852672
0.41734938 0.13759592
0.41742379 0.13666600
0.41749819 0.13573698
0.41757260 0.13480887
0.41764700 0.13388165
0.41772141 0.13295535
0.41779581 0.13202997
0.41787022 0.13110550
0.41794462 0.13018196
0.41801903 0.12925936
0.41809343 0.12833769
0.41816784 0.12741696
0.41824224 0.12649717
0.41831665 0.12557834
0.41839105 0.12466047
0.41846546 0.12374356
0.41853986 0.12282762
0.41861427 0.12191265
0.41868867 0.12099865
0.41876307 0.12008564
0.41883748 0.11917362
0.41891188 0.11826259
0.41898629 0.11735256
0.41906069 0.11644353
0.41913510 0.11553551
0.41920950 0.11462851
0.41928391 0.11372252
0.41935831 0.11281756
0.41943272 0.11191362
0.41950712 0.11101072
0.41958153 0.11010886
0.41965593 0.10920804
0.41973034 0.10830827
0.41980474 0.10740956
0.41987915 0.10651190
0.41995355 0.10561531
0.42002795 0.10471979
0.42010236 0.10382534
0.42017676 0.10293197
0.42025117 0.10203969
0.42032557 0.10114850
0.42039998 0.10025840
0.42047438 0.09936940
0.42054879 0.09848150
0.42062319 0.09759472
0.42069760 0.09670905
0.42077200 0.09582450
0.42084641 0.09494107
0.42092081 0.09405878
0.42099522 0.09317762
0.42106962 0.09229759
0.42114403 0.09141872
0.42121843 0.09054099
0.42129284 0.08966442
0.42136724 0.08878901
0.42144164 0.08791476
0.42151605 0.08704168
0.42159045 0.08616978
0.42166486 0.08529905
0.42173926 0.08442951
0.42181367 0.08356116
0.42188807 0.08269401
0.42196248 0.08182805
0.42203688 0.08096330
0.42211129 0.08009976
0.42218569 0.07923743
0.42226010 0.07837632
0.42233450 0.07751643
0.42240891 0.07665777
0.42248331 0.07580035
0.42255772 0.07494417
0.42263212 0.07408923
0.42270653 0.07323553
0.42278093 0.07238310
0.42285533 0.07153192
0.42292974 0.07068200
0.42300414 0.06983335
0.42307855 0.06898597
0.42315295 0.06813987
0.42322736 0.06729506
0.42330176 0.06645153
0.42337617 0.06560929
0.42345057 0.06476835
0.42352498 0.06392871
0.42359938 0.06309038
0.42367379 0.06225336
0.42374819 0.06141766
0.42382260 0.06058327
0.42389700 0.05975022
0.42397141 0.05891849
0.42404581 0.05808810
0.42412021 0.05725905
0.42419462 0.05643135
0.42426902 0.05560499
0.42434343 0.05477999
0.42441783 0.05395635
0.42449224 0.05313407
0.42456664 0.05231316
0.42464105 0.05149363
0.42471545 0.05067547
0.42478986 0.04985870
0.42486426 0.04904331
0.42493867 0.04822932
0.42501307 0.04741672
0.42508748 0.04660553
0.42516188 0.04579574
0.42523629 0.04498736
0.42531069 0.04418040
0.42538510 0.04337486
0.42545950 0.04257075
0.42553390 0.04176806
0.42560831 0.04096681
0.42568271 0.04016700
0.42575712 0.03936863
0.42583152 0.03857172
0.42590593 0.03777625
0.42598033 0.03698224
0.42605474 0.03618970
0.42612914 0.03539862
0.42620355 0.03460901
0.42627795 0.03382088
0.42635236 0.03303423
0.42642676 0.03224907
0.42650117 0.03146539
0.42657557 0.03068322
0.42664998 0.02990253
0.42672438 0.02912336
0.42679878 0.02834569
0.42687319 0.02756953
0.42694759 0.02679489
0.42702200 0.02602178
0.42709640 0.02525019
0.42717081 0.02448013
0.42724521 0.02371160
0.42731962 0.02294462
0.42739402 0.02217918
0.42746843 0.02141529
0.42754283 0.02065295
0.42761724 0.01989217
0.42769164 0.01913295
0.42776605 0.01837530
0.42784045 0.01761922
0.42791486 0.01686471
0.42798926 0.01611179
0.42806367 0.01536045
0.42813807 0.01461070
0.42821247 0.01386254
0.42828688 0.01311598
0.42836128 0.01237102
0.42843569 0.01162767
0.42851009 0.01088593
0.42858450 0.01014580
0.42865890 0.00940730
0.42873331 0.00867042
0.42880771 0.00793516
0.42888212 0.00720154
0.42895652 0.00646956
0.42903093 0.00573921
0.42910533 0.00501052
0.42917974 0.00428347
0.42925414 0.00355808
0.42932855 0.00283434
0.42940295 0.00211227
0.42947735 0.00139187
0.42955176 0.00067314
0.42962616 -0.00004392
0.42970057 -0.00075930
0.42977497 -0.00147299
0.42984938 -0.00218500
0.42992378 -0.00289531
0.42999819 -0.00360392
0.43007259 -0.00431084
0.43014700 -0.00501605
0.43022140 -0.00571954
0.43029581 -0.00642133
0.43037021 -0.00712140
0.43044462 -0.00781974
0.43051902 -0.00851636
0.43059343 -0.00921125
0.43066783 -0.00990440
0.43074224 -0.01059582
0.43081664 -0.01128549
0.43089104 -0.01197342
0.43096545 -0.01265959
0.43103985 -0.01334401
0.43111426 -0.01402667
0.43118866 -0.01470757
0.43126307 -0.01538670
0.43133747 -0.01606406
0.43141188 -0.01673964
0.43148628 -0.01741344
0.43156069 -0.01808546
0.43163509 -0.01875569
0.43170950 -0.01942413
0.43178390 -0.02009077
0.43185831 -0.02075562
0.43193271 -0.02141866
0.43200712 -0.02207989
0.43208152 -0.02273931
0.43215592 -0.02339691
0.43223033 -0.02405270
0.43230473 -0.02470666
0.43237914 -0.02535879
0.43245354 -0.02600909
0.43252795 -0.02665756
0.43260235 -0.02730419
0.43267676 -0.02794897
0.43275116 -0.02859190
0.43282557 -0.02923299
0.43289997 -0.02987222
0.43297438 -0.03050959
0.43304878 -0.03114510
0.43312319 -0.03177874
0.43319759 -0.03241051
0.43327200 -0.03304040
0.43334640 -0.03366842
0.43342081 -0.03429456
0.43349521 -0.03491881
0.43356961 -0.03554117
0.43364402 -0.03616163
0.43371842 -0.03678020
0.43379283 -0.03739687
0.43386723 -0.03801163
0.43394164 -0.03862449
0.43401604 -0.03923543
0.43409045 -0.03984446
0.43416485 -0.04045156
0.43423926 -0.04105675
0.43431366 -0.04166000
0.43438807 -0.04226133
0.43446247 -0.04286072
0.43453688 -0.04345817
0.43461128 -0.04405368
0.43468569 -0.04464724
0.43476009 -0.04523886
0.43483449 -0.04582852
0.43490890 -0.04641623
0.43498330 -0.04700197
0.43505771 -0.04758575
0.43513211 -0.04816757
0.43520652 -0.04874741
0.43528092 -0.04932528
0.43535533 -0.04990117
0.43542973 -0.05047508
0.43550414 -0.05104700
0.43557854 -0.05161693
0.43565295 -0.05218487
0.43572735 -0.05275082
0.43580176 -0.05331477
0.43587616 -0.05387671
0.43595057 -0.05443665
0.43602497 -0.05499457
0.43609938 -0.05555049
0.43617378 -0.05610438
0.43624818 -0.05665626
0.43632259 -0.05720611
0.43639699 -0.05775394
0.43647140 -0.05829973
0.43654580 -0.05884350
0.43662021 -0.05938522
0.43669461 -0.05992490
0.43676902 -0.06046254
0.43684342 -0.06099813
0.43691783 -0.06153167
0.43699223 -0.06206316
0.43706664 -0.06259258
0.43714104 -0.06311995
0.43721545 -0.06364525
0.43728985 -0.06416849
0.43736426 -0.06468965
0.43743866 -0.06520874
0.43751306 -0.06572576
0.43758747 -0.06624069
0.43766187 -0.06675354
0.43773628 -0.06726430
0.43781068 -0.06777297
0.43788509 -0.06827954
0.43795949 -0.06878402
0.43803390 -0.06928640
0.43810830 -0.06978668
0.43818271 -0.07028485
0.43825711 -0.07078091
0.43833152 -0.07127486
0.43840592 -0.07176669
0.43848033 -0.07225640
0.43855473 -0.07274399
0.43862914 -0.07322946
0.43870354 -0.07371279
0.43877795 -0.07419400
0.43885235 -0.07467307
0.43892675 -0.07515000
0.43900116 -0.07562479
0.43907556 -0.07609744
0.43914997 -0.07656794
0.43922437 -0.07703629
0.43929878 -0.07750249
0.43937318 -0.07796653
0.43944759 -0.07842841
0.43952199 -0.07888814
0.43959640 -0.07934569
0.43967080 -0.07980108
0.43974521 -0.08025430
0.43981961 -0.08070534
0.43989402 -0.08115421
0.43996842 -0.08160090
0.44004283 -0.08204541
0.44011723 -0.08248773
0.44019163 -0.08292786
0.44026604 -0.08336580
0.44034044 -0.08380155
0.44041485 -0.08423510
0.44048925 -0.08466645
0.44056366 -0.08509559
0.44063806 -0.08552254
0.44071247 -0.08594727
0.44078687 -0.08636980
0.44086128 -0.08679011
0.44093568 -0.08720820
0.44101009 -0.08762407
0.44108449 -0.08803773
0.44115890 -0.08844915
0.44123330 -0.08885835
0.44130771 -0.08926532
0.44138211 -0.08967006
0.44145652 -0.09007256
0.44153092 -0.09047283
0.44160532 -0.09087085
0.44167973 -0.09126663
0.44175413 -0.09166016
0.44182854 -0.09205145
0.44190294 -0.09244048
0.44197735 -0.09282726
0.44205175 -0.09321178
0.44212616 -0.09359405
0.44220056 -0.09397405
0.44227497 -0.09435179
0.44234937 -0.09472726
0.44242378 -0.09510046
0.44249818 -0.09547139
0.44257259 -0.09584004
0.44264699 -0.09620642
0.44272140 -0.09657052
0.44279580 -0.09693234
0.44287021 -0.09729187
0.44294461 -0.09764911
0.44301901 -0.09800407
0.44309342 -0.09835674
0.44316782 -0.09870711
0.44324223 -0.09905518
0.44331663 -0.09940096
0.44339104 -0.09974443
0.44346544 -0.10008560
0.44353985 -0.10042447
0.44361425 -0.10076102
0.44368866 -0.10109527
0.44376306 -0.10142720
0.44383747 -0.10175682
0.44391187 -0.10208412
0.44398628 -0.10240910
0.44406068 -0.10273176
0.44413509 -0.10305209
0.44420949 -0.10337010
0.44428389 -0.10368578
0.44435830 -0.10399913
0.44443270 -0.10431014
0.44450711 -0.10461882
0.44458151 -0.10492516
0.44465592 -0.10522916
0.44473032 -0.10553082
0.44480473 -0.10583014
0.44487913 -0.10612711
0.44495354 -0.10642173
0.44502794 -0.10671400
0.44510235 -0.10700392
0.44517675 -0.10729148
0.44525116 -0.10757669
0.44532556 -0.10785954
0.44539997 -0.10814002
0.44547437 -0.10841815
0.44554878 -0.10869391
0.44562318 -0.10896730
0.44569758 -0.10923832
0.44577199 -0.10950698
0.44584639 -0.10977326
0.44592080 -0.11003716
0.44599520 -0.11029869
0.44606961 -0.11055784
0.44614401 -0.11081461
0.44621842 -0.11106900
0.44629282 -0.11132100
0.44636723 -0.11157062
0.44644163 -0.11181785
0.44651604 -0.11206269
0.44659044 -0.11230514
0.44666485 -0.11254519
0.44673925 -0.11278285
0.44681366 -0.11301811
0.44688806 -0.11325097
0.44696246 -0.11348143
0.44703687 -0.11370949
0.44711127 -0.11393515
0.44718568 -0.11415840
0.44726008 -0.11437924
0.44733449 -0.11459767
0.44740889 -0.11481369
0.44748330 -0.11502730
0.44755770 -0.11523849
0.44763211 -0.11544727
0.44770651 -0.11565363
0.44778092 -0.11585757
0.44785532 -0.11605908
0.44792973 -0.11625818
0.44800413 -0.11645485
0.44807854 -0.11664910
0.44815294 -0.11684092
0.44822735 -0.11703030
0.44830175 -0.11721726
0.44837615 -0.11740179
0.44845056 -0.11758388
0.44852496 -0.11776354
0.44859937 -0.11794076
0.44867377 -0.11811555
0.44874818 -0.11828789
0.44882258 -0.11845779
0.44889699 -0.11862526
0.44897139 -0.11879027
0.44904580 -0.11895284
0.44912020 -0.11911297
0.44919461 -0.11927065
0.44926901 -0.11942587
0.44934342 -0.11957865
0.44941782 -0.11972898
0.44949223 -0.11987685
0.44956663 -0.12002227
0.44964103 -0.12016523
0.44971544 -0.12030573
0.44978984 -0.12044378
0.44986425 -0.12057936
0.44993865 -0.12071249
0.45001306 -0.12084315
0.45008746 -0.12097135
0.45016187 -0.12109708
0.45023627 -0.12122035
0.45031068 -0.12134115
0.45038508 -0.12145948
0.45045949 -0.12157534
0.45053389 -0.12168873
0.45060830 -0.12179966
0.45068270 -0.12190810
0.45075711 -0.12201408
0.45083151 -0.12211758
0.45090592 -0.12221860
0.45098032 -0.12231714
0.45105472 -0.12241321
0.45112913 -0.12250680
0.45120353 -0.12259791
0.45127794 -0.12268653
0.45135234 -0.12277268
0.45142675 -0.12285634
0.45150115 -0.12293751
0.45157556 -0.12301621
0.45164996 -0.12309241
0.45172437 -0.12316613
0.45179877 -0.12323736
0.45187318 -0.12330610
0.45194758 -0.12337235
0.45202199 -0.12343612
0.45209639 -0.12349739
0.45217080 -0.12355616
0.45224520 -0.12361245
0.45231960 -0.12366624
0.45239401 -0.12371753
0.45246841 -0.12376633
0.45254282 -0.12381264
0.45261722 -0.12385645
0.45269163 -0.12389775
0.45276603 -0.12393657
0.45284044 -0.12397288
0.45291484 -0.12400669
0.45298925 -0.12403800
0.45306365 -0.12406681
0.45313806 -0.12409312
0.45321246 -0.12411692
0.45328687 -0.12413822
0.45336127 -0.12415702
0.45343568 -0.12417331
0.45351008 -0.12418710
0.45358449 -0.12419838
0.45365889 -0.12420716
0.45373329 -0.12421343
0.45380770 -0.12421719
0.45388210 -0.12421844
0.61839679 -0.12421844
0.61845375 -0.12521206
0.61851070 -0.12620477
0.61856765 -0.12719655
0.61862461 -0.12818741
0.61868156 -0.12917735
0.61873851 -0.13016636
0.61879547 -0.13115443
0.61885242 -0.13214157
0.61890937 -0.13312777
0.61896633 -0.13411303
0.61902328 -0.13509735
0.61908023 -0.13608071
0.61913718 -0.13706313
0.61919414 -0.13804459
0.61925109 -0.13902509
0.61930804 -0.14000463
0.61936500 -0.14098321
0.61942195 -0.14196082
0.61947890 -0.14293746
0.61953586 -0.14391312
0.61959281 -0.14488781
0.61964976 -0.14586151
0.61970672 -0.14683424
0.61976367 -0.14780597
0.61982062 -0.14877672
0.61987758 -0.14974647
0.61993453 -0.15071522
0.61999148 -0.15168298
0.62004843 -0.15264973
0.62010539 -0.15361548
0.62016234 -0.15458022
0.62021929 -0.15554394
0.62027625 -0.15650665
0.62033320 -0.15746834
0.62039015 -0.15842901
0.62044711 -0.15938865
0.62050406 -0.16034726
0.62056101 -0.16130485
0.62061797 -0.16226139
0.62067492 -0.16321690
0.62073187 -0.16417137
0.62078882 -0.16512480
0.62084578 -0.16607717
0.62090273 -0.16702850
0.62095968 -0.16797877
0.62101664 -0.16892799
0.62107359 -0.16987614
0.62113054 -0.17082324
0.62118750 -0.17176926
0.62124445 -0.17271422
0.62130140 -0.17365810
0.62135836 -0.17460091
0.62141531 -0.17554264
0.62147226 -0.17648329
0.62152922 -0.17742285
0.62158617 -0.17836133
0.62164312 -0.17929871
0.62170007 -0.18023500
0.62175703 -0.18117019
0.62181398 -0.18210428
0.62187093 -0.18303727
0.62192789 -0.18396915
0.62198484 -0.18489992
0.62204179 -0.18582958
0.62209875 -0.18675812
0.62215570 -0.18768554
0.62221265 -0.18861184
0.62226961 -0.18953701
0.62232656 -0.19046106
0.62238351 -0.19138397
0.62244046 -0.19230575
0.62249742 -0.19322639
0.62255437 -0.19414589
0.62261132 -0.19506425
0.62266828 -0.19598146
0.62272523 -0.19689752
0.62278218 -0.19781242
0.62283914 -0.19872617
0.62289609 -0.19963877
0.62295304 -0.20055019
0.62301000 -0.20146046
0.62306695 -0.20236955
0.62312390 -0.20327748
0.62318086 -0.20418423
0.62323781 -0.20508980
0.62329476 -0.20599419
0.62335171 -0.20689740
0.62340867 -0.20779943
0.62346562 -0.20870026
0.62352257 -0.20959990
0.62357953 -0.21049835
0.62363648 -0.21139559
0.62369343 -0.21229164
0.62375039 -0.21318648
0.62380734 -0.21408011
0.62386429 -0.21497254
0.62392125 -0.21586374
0.62397820 -0.21675374
0.62403515 -0.21764251
0.62409210 -0.21853006
0.62414906 -0.21941639
0.62420601 -0.22030149
0.62426296 -0.22118535
0.62431992 -0.22206798
0.62437687 -0.22294938
0.62443382 -0.22382953
0.62449078 -0.22470844
0.62454773 -0.22558611
0.62460468 -0.22646253
0.62466164 -0.22733769
0.62471859 -0.22821160
0.62477554 -0.22908425
0.62483250 -0.22995564
0.62488945 -0.23082577
0.62494640 -0.23169463
0.62500335 -0.23256222
0.62506031 -0.23342854
0.62511726 -0.23429358
0.62517421 -0.23515734
0.62523117 -0.23601983
0.62528812 -0.23688102
0.62534507 -0.23774094
0.62540203 -0.23859956
0.62545898 -0.23945689
0.62551593 -0.24031292
0.62557289 -0.24116765
0.62562984 -0.24202109
0.62568679 -0.24287322
0.62574374 -0.24372404
0.62580070 -0.24457355
0.62585765 -0.24542175
0.62591460 -0.24626863
0.62597156 -0.24711419
0.62602851 -0.24795844
0.62608546 -0.24880135
0.62614242 -0.24964294
0.62619937 -0.25048320
0.62625632 -0.25132213
0.62631328 -0.25215972
0.62637023 -0.25299597
0.62642718 -0.25383089
0.62648414 -0.25466445
0.62654109 -0.25549667
0.62659804 -0.25632754
0.62665499 -0.25715706
0.62671195 -0.25798522
0.62676890 -0.25881202
0.62682585 -0.25963747
0.62688281 -0.26046154
0.62693976 -0.26128426
0.62699671 -0.26210560
0.62705367 -0.26292557
0.62711062 -0.26374416
0.62716757 -0.26456138
0.62722453 -0.26537721
0.62728148 -0.26619166
0.62733843 -0.26700473
0.62739538 -0.26781641
0.62745234 -0.26862669
0.62750929 -0.26943558
0.62756624 -0.27024308
0.62762320 -0.27104917
0.62768015 -0.27185386
0.62773710 -0.27265714
0.62779406 -0.27345902
0.62785101 -0.27425949
0.62790796 -0.27505854
0.62796492 -0.27585618
0.62802187 -0.27665239
0.62807882 -0.27744719
0.62813578 -0.27824056
0.62819273 -0.27903250
0.62824968 -0.27982301
0.62830663 -0.28061209
0.62836359 -0.28139974
0.62842054 -0.28218595
0.62847749 -0.28297071
0.62853445 -0.28375403
0.62859140 -0.28453591
0.62864835 -0.28531634
0.62870531 -0.28609532
0.62876226 -0.28687284
0.62881921 -0.28764890
0.62887617 -0.28842351
0.62893312 -0.28919665
0.62899007 -0.28996833
0.62904702 -0.29073855
0.62910398 -0.29150729
0.62916093 -0.29227456
0.62921788 -0.29304035
0.62927484 -0.29380467
0.62933179 -0.29456750
0.62938874 -0.29532886
0.62944570 -0.29608872
0.62950265 -0.29684710
0.62955960 -0.29760399
0.62961656 -0.29835939
0.62967351 -0.29911328
0.62973046 -0.29986568
0.62978742 -0.30061658
0.62984437 -0.30136597
0.62990132 -0.30211386
0.62995827 -0.30286024
0.63001523 -0.30360511
0.63007218 -0.30434846
0.63012913 -0.30509030
0.63018609 -0.30583061
0.63024304 -0.30656941
0.63029999 -0.30730668
0.63035695 -0.30804242
0.63041390 -0.30877664
0.63047085 -0.30950932
0.63052781 -0.31024047
0.63058476 -0.31097008
0.63064171 -0.31169815
0.63069866 -0.31242468
0.63075562 -0.31314966
0.63081257 -0.31387310
0.63086952 -0.31459499
0.63092648 -0.31531532
0.63098343 -0.31603410
0.63104038 -0.31675133
0.63109734 -0.31746699
0.63115429 -0.31818109
0.63121124 -0.31889363
0.63126820 -0.31960460
0.63132515 -0.32031400
0.63138210 -0.32102183
0.63143906 -0.32172808
0.63149601 -0.32243276
0.63155296 -0.32313586
0.63160991 -0.32383738
0.63166687 -0.32453731
0.63172382 -0.32523566
0.63178077 -0.32593241
0.63183773 -0.32662758
0.63189468 -0.32732115
0.63195163 -0.32801313
0.63200859 -0.32870350
0.63206554 -0.32939228
0.63212249 -0.33007945
0.63217945 -0.33076502
0.63223640 -0.33144898
0.63229335 -0.33213133
0.63235030 -0.33281206
0.63240726 -0.33349118
0.63246421 -0.33416868
0.63252116 -0.33484456
0.63257812 -0.33551882
0.63263507 -0.33619146
0.63269202 -0.33686246
0.63274898 -0.33753184
0.63280593 -0.33819959
0.63286288 -0.33886570
0.63291984 -0.33953017
0.63297679 -0.34019301
0.63303374 -0.34085420
0.63309070 -0.34151376
0.63314765 -0.34217166
0.63320460 -0.34282792
0.63326155 -0.34348253
0.63331851 -0.34413548
0.63337546 -0.34478678
0.63343241 -0.34543642
0.63348937 -0.34608440
0.63354632 -0.34673072
0.63360327 -0.34737538
0.63366023 -0.34801837
0.63371718 -0.34865969
0.63377413 -0.34929934
0.63383109 -0.34993732
0.63388804 -0.35057362
0.63394499 -0.35120825
0.63400194 -0.35184119
0.63405890 -0.35247245
0.63411585 -0.35310203
0.63417280 -0.35372992
0.63422976 -0.35435613
0.63428671 -0.35498064
0.63434366 -0.35560346
0.63440062 -0.35622458
0.63445757 -0.35684401
0.63451452 -0.35746173
0.63457148 -0.35807776
0.63462843 -0.35869208
0.63468538 -0.35930469
0.63474234 -0.35991559
0.63479929 -0.36052479
0.63485624 -0.36113227
0.63491319 -0.36173804
0.63497015 -0.36234209
0.63502710 -0.36294442
0.63508405 -0.36354503
0.63514101 -0.36414391
0.63519796 -0.36474107
0.63525491 -0.36533650
0.63531187 -0.36593020
0.63536882 -0.36652217
0.63542577 -0.36711241
0.63548273 -0.36770091
0.63553968 -0.36828767
0.63559663 -0.36887269
0.63565358 -0.36945597
0.63571054 -0.37003750
0.63576749 -0.37061729
0.63582444 -0.37119533
0.63588140 -0.37177162
0.63593835 -0.37234615
0.63599530 -0.37291893
0.63605226 -0.37348996
0.63610921 -0.37405922
0.63616616 -0.37462672
0.63622312 -0.37519246
0.63628007 -0.37575644
0.63633702 -0.37631865
0.63639398 -0.37687909
0.63645093 -0.37743775
0.63650788 -0.37799465
0.63656483 -0.37854977
0.63662179 -0.37910311
0.63667874 -0.37965467
0.63673569 -0.38020445
0.63679265 -0.38075245
0.63684960 -0.38129867
0.63690655 -0.38184309
0.63696351 -0.38238573
0.63702046 -0.38292658
0.63707741 -0.38346563
0.63713437 -0.38400289
0.63719132 -0.38453835
0.63724827 -0.38507202
0.63730522 -0.38560388
0.63736218 -0.38613394
0.63741913 -0.38666220
0.63747608 -0.38718865
0.63753304 -0.38771329
0.63758999 -0.38823612
0.63764694 -0.38875714
0.63770390 -0.38927634
0.63776085 -0.38979373
0.63781780 -0.39030930
0.63787476 -0.39082305
0.63793171 -0.39133498
0.63798866 -0.39184509
0.63804562 -0.39235337
0.63810257 -0.39285983
0.63815952 -0.39336445
0.63821647 -0.39386725
0.63827343 -0.39436821
0.63833038 -0.39486733
0.63838733 -0.39536463
0.63844429 -0.39586008
0.63850124 -0.39635369
0.63855819 -0.39684546
0.63861515 -0.39733539
0.63867210 -0.39782348
0.63872905 -0.39830971
0.63878601 -0.39879410
0.63884296 -0.39927663
0.63889991 -0.39975732
0.63895687 -0.40023615
0.63901382 -0.40071312
0.63907077 -0.40118824
0.63912772 -0.40166149
0.63918468 -0.40213289
0.63924163 -0.40260242
0.63929858 -0.40307009
0.63935554 -0.40353589
0.63941249 -0.40399982
0.63946944 -0.40446189
0.63952640 -0.40492208
0.63958335 -0.40538040
0.63964030 -0.40583684
0.63969726 -0.40629141
0.63975421 -0.40674410
0.63981116 -0.40719490
0.63986811 -0.40764383
0.63992507 -0.40809087
0.63998202 -0.40853603
0.64003897 -0.40897931
0.64009593 -0.40942069
0.64015288 -0.40986018
0.64020983 -0.41029778
0.64026679 -0.41073349
0.64032374 -0.41116731
0.64038069 -0.41159922
0.64043765 -0.41202924
0.64049460 -0.41245736
0.64055155 -0.41288358
0.64060851 -0.41330790
0.64066546 -0.41373031
0.64072241 -0.41415081
0.64077936 -0.41456941
0.64083632 -0.41498610
0.64089327 -0.41540087
0.64095022 -0.41581374
0.64100718 -0.41622469
0.64106413 -0.41663372
0.64112108 -0.41704084
0.64117804 -0.41744604
0.64123499 -0.41784932
0.64129194 -0.41825068
0.64134890 -0.41865011
0.64140585 -0.41904762
0.64146280 -0.41944320
0.64151975 -0.41983686
0.64157671 -0.42022859
0.64163366 -0.42061838
0.64169061 -0.42100625
0.64174757 -0.42139218
0.64180452 -0.42177617
0.64186147 -0.42215823
0.64191843 -0.42253835
0.64197538 -0.42291653
0.64203233 -0.42329277
0.64208929 -0.42366707
0.64214624 -0.42403942
0.64220319 -0.42440983
0.64226015 -0.42477829
0.64231710 -0.42514480
0.64237405 -0.42550937
0.64243100 -0.42587198
0.64248796 -0.42623264
0.64254491 -0.42659135
0.64260186 -0.42694810
0.64265882 -0.42730289
0.64271577 -0.42765573
0.64277272 -0.42800661
0.64282968 -0.42835553
0.64288663 -0.42870248
0.64294358 -0.42904747
0.64300054 -0.42939050
0.64305749 -0.42973156
0.64311444 -0.43007066
0.64317139 -0.43040778
0.64322835 -0.43074294
0.64328530 -0.43107612
0.64334225 -0.43140733
0.64339921 -0.43173657
0.64345616 -0.43206383
0.64351311 -0.43238912
0.64357007 -0.43271242
0.64362702 -0.43303375
0.64368397 -0.43335310
0.64374093 -0.43367047
0.64379788 -0.43398585
0.64385483 -0.43429925
0.64391179 -0.43461067
0.64396874 -0.43492009
0.64402569 -0.43522753
0.64408264 -0.43553298
0.64413960 -0.43583644
0.64419655 -0.43613791
0.64425350 -0.43643739
0.64431046 -0.43673487
0.64436741 -0.43703036
0.64442436 -0.43732385
0.64448132 -0.43761534
0.64453827 -0.43790484
0.64459522 -0.43819233
0.64465218 -0.43847783
0.64470913 -0.43876132
0.64476608 -0.43904281
0.64482303 -0.43932229
0.64487999 -0.43959977
0.64493694 -0.43987524
0.64499389 -0.44014870
0.64505085 -0.44042016
0.64510780 -0.44068960
0.64516475 -0.44095703
0.64522171 -0.44122245
0.64527866 -0.44148586
0.64533561 -0.44174725
0.64539257 -0.44200663
0.64544952 -0.44226399
0.64550647 -0.44251933
0.64556343 -0.44277266
0.64562038 -0.44302396
0.64567733 -0.44327324
0.64573428 -0.44352050
0.64579124 -0.44376574
0.64584819 -0.44400895
0.64590514 -0.44425014
0.64596210 -0.44448931
0.64601905 -0.44472644
0.64607600 -0.44496155
0.64613296 -0.44519463
0.64618991 -0.44542567
0.64624686 -0.44565469
0.64630382 -0.44588168
0.64636077 -0.44610663
0.64641772 -0.44632955
0.64647467 -0.44655043
0.64653163 -0.44676928
0.64658858 -0.44698609
0.64664553 -0.44720086
0.64670249 -0.44741359
0.64675944 -0.44762428
0.64681639 -0.44783294
0.64687335 -0.44803955
0.64693030 -0.44824412
0.64698725 -0.44844664
0.64704421 -0.44864712
0.64710116 -0.44884556
0.64715811 -0.44904195
0.64721507 -0.44923629
0.64727202 -0.44942859
0.64732897 -0.44961884
0.64738592 -0.44980703
0.64744288 -0.44999318
0.64749983 -0.45017728
0.64755678 -0.45035932
0.64761374 -0.45053931
0.64767069 -0.45071725
0.64772764 -0.45089313
0.64778460 -0.45106696
0.64784155 -0.45123873
0.64789850 -0.45140844
0.64795546 -0.45157610
0.64801241 -0.45174170
0.64806936 -0.45190523
0.64812631 -0.45206671
0.64818327 -0.45222613
0.64824022 -0.45238349
0.64829717 -0.45253878
0.64835413 -0.45269201
0.64841108 -0.45284318
0.64846803 -0.45299228
0.64852499 -0.45313931
0.64858194 -0.45328429
0.64863889 -0.45342719
0.64869585 -0.45356803
0.64875280 -0.45370679
0.64880975 -0.45384349
0.64886671 -0.45397812
0.64892366 -0.45411068
0.64898061 -0.45424117
0.64903756 -0.45436959
0.64909452 -0.45449593
0.64915147 -0.45462020
0.64920842 -0.45474240
0.64926538 -0.45486253
0.64932233 -0.45498058
0.64937928 -0.45509655
0.64943624 -0.45521045
0.64949319 -0.45532227
0.64955014 -0.45543201
0.64960710 -0.45553968
0.64966405 -0.45564527
0.64972100 -0.45574877
0.64977795 -0.45585020
0.64983491 -0.45594955
0.64989186 -0.45604682
0.64994881 -0.45614200
0.65000577 -0.45623511
0.65006272 -0.45632613
0.65011967 -0.45641507
0.65017663 -0.45650192
0.65023358 -0.45658669
0.65029053 -0.45666938
0.65034749 -0.45674998
0.65040444 -0.45682850
0.65046139 -0.45690493
0.65051835 -0.45697927
0.65057530 -0.45705153
0.65063225 -0.45712169
0.65068920 -0.45718977
0.65074616 -0.45725577
0.65080311 -0.45731967
0.65086006 -0.45738148
0.65091702 -0.45744120
0.65097397 -0.45749884
0.65103092 -0.45755438
0.65108788 -0.45760783
0.65114483 -0.45765919
0.65120178 -0.45770845
0.65125874 -0.45775563
0.65131569 -0.45780071
0.65137264 -0.45784370
0.65142959 -0.45788459
0.65148655 -0.45792339
0.65154350 -0.45796010
0.65160045 -0.45799471
0.65165741 -0.45802723
0.65171436 -0.45805765
0.65177131 -0.45808597
0.65182827 -0.45811220
0.65188522 -0.45813633
0.65194217 -0.45815837
0.65199913 -0.45817831
0.65205608 -0.45819615
0.65211303 -0.45821189
0.65216999 -0.45822553
0.65222694 -0.45823708
0.65228389 -0.45824653
0.65234084 -0.45825388
0.65239780 -0.45825913
0.65245475 -0.45826228
0.65251170 -0.45826333
0.82333180 -0.45826333
0.82337938 -0.45923546
0.82342696 -0.46020647
0.82347454 -0.46117634
0.82352212 -0.46214508
0.82356970 -0.46311269
0.82361728 -0.46407916
0.82366487 -0.46504449
0.82371245 -0.46600868
0.82376003 -0.46697173
0.82380761 -0.46793363
0.82385519 -0.46889438
0.82390277 -0.46985398
0.82395035 -0.47081243
0.82399793 -0.47176972
0.82404551 -0.47272586
0.82409310 -0.47368083
0.82414068 -0.47463465
0.82418826 -0.47558730
0.82423584 -0.47653878
0.82428342 -0.47748909
0.82433100 -0.47843824
0.82437858 -0.47938621
0.82442616 -0.48033301
0.82447374 -0.48127863
0.82452133 -0.48222307
0.82456891 -0.48316632
0.82461649 -0.48410840
0.82466407 -0.48504929
0.82471165 -0.48598899
0.82475923 -0.48692750
0.82480681 -0.48786481
0.82485439 -0.48880094
0.82490197 -0.48973586
0.82494956 -0.49066959
0.82499714 -0.49160211
0.82504472 -0.49253343
0.82509230 -0.49346355
0.82513988 -0.49439245
0.82518746 -0.49532015
0.82523504 -0.49624664
0.82528262 -0.49717191
0.82533020 -0.49809596
0.82537778 -0.49901880
0.82542537 -0.49994041
0.82547295 -0.50086080
0.82552053 -0.50177997
0.82556811 -0.50269791
0.82561569 -0.50361462
0.82566327 -0.50453010
0.82571085 -0.50544434
0.82575843 -0.50635735
0.82580601 -0.50726912
0.82585360 -0.50817965
0.82590118 -0.50908894
0.82594876 -0.50999699
0.82599634 -0.51090378
0.82604392 -0.51180933
0.82609150 -0.51271363
0.82613908 -0.51361668
0.82618666 -0.51451847
0.82623424 -0.51541900
0.82628183 -0.51631827
0.82632941 -0.51721629
0.82637699 -0.51811304
0.82642457 -0.51900852
0.82647215 -0.51990274
0.82651973 -0.52079568
0.82656731 -0.52168736
0.82661489 -0.52257776
0.82666247 -0.52346688
0.82671006 -0.52435473
0.82675764 -0.52524130
0.82680522 -0.52612658
0.82685280 -0.52701058
0.82690038 -0.52789329
0.82694796 -0.52877472
0.82699554 -0.52965485
0.82704312 -0.53053369
0.82709070 -0.53141124
0.82713828 -0.53228749
0.82718587 -0.53316244
0.82723345 -0.53403609
0.82728103 -0.53490844
0.82732861 -0.53577949
0.82737619 -0.53664922
0.82742377 -0.53751765
0.82747135 -0.53838476
0.82751893 -0.53925057
0.82756651 -0.54011506
0.82761410 -0.54097823
0.82766168 -0.54184008
0.82770926 -0.54270061
0.82775684 -0.54355981
0.82780442 -0.54441769
0.82785200 -0.54527425
0.82789958 -0.54612947
0.82794716 -0.54698337
0.82799474 -0.54783593
0.82804233 -0.54868715
0.82808991 -0.54953704
0.82813749 -0.55038559
0.82818507 -0.55123279
0.82823265 -0.55207865
0.82828023 -0.55292317
0.82832781 -0.55376634
0.82837539 -0.55460816
0.82842297 -0.55544863
0.82847055 -0.55628775
0.82851814 -0.55712551
0.82856572 -0.55796191
0.82861330 -0.55879696
0.82866088 -0.55963064
0.82870846 -0.56046296
0.82875604 -0.56129391
0.82880362 -0.56212350
0.82885120 -0.56295172
0.82889878 -0.56377856
0.82894637 -0.56460404
0.82899395 -0.56542814
0.82904153 -0.56625086
0.82908911 -0.56707220
0.82913669 -0.56789216
0.82918427 -0.56871074
0.82923185 -0.56952794
0.82927943 -0.57034374
0.82932701 -0.57115816
0.82937460 -0.57197119
0.82942218 -0.57278283
0.82946976 -0.57359307
0.82951734 -0.57440191
0.82956492 -0.57520936
0.82961250 -0.57601541
0.82966008 -0.57682005
0.82970766 -0.57762330
0.82975524 -0.57842513
0.82980283 -0.57922556
0.82985041 -0.58002458
0.82989799 -0.58082218
0.82994557 -0.58161837
0.82999315 -0.58241315
0.83004073 -0.58320651
0.83008831 -0.58399845
0.83013589 -0.58478897
0.83018347 -0.58557807
0.83023105 -0.58636574
0.83027864 -0.58715199
0.83032622 -0.58793681
0.83037380 -0.58872019
0.83042138 -0.58950215
0.83046896 -0.59028267
0.83051654 -0.59106175
0.83056412 -0.59183940
0.83061170 -0.59261560
0.83065928 -0.59339037
0.83070687 -0.59416369
0.83075445 -0.59493557
0.83080203 -0.59570600
0.83084961 -0.59647498
0.83089719 -0.59724251
0.83094477 -0.59800859
0.83099235 -0.59877321
0.83103993 -0.59953637
0.83108751 -0.60029808
0.83113510 -0.60105833
0.83118268 -0.60181712
0.83123026 -0.60257444
0.83127784 -0.60333030
0.83132542 -0.60408469
0.83137300 -0.60483761
0.83142058 -0.60558907
0.83146816 -0.60633904
0.83151574 -0.60708755
0.83156333 -0.60783458
0.83161091 -0.60858013
0.83165849 -0.60932420
0.83170607 -0.61006679
0.83175365 -0.61080789
0.83180123 -0.61154751
0.83184881 -0.61228565
0.83189639 -0.61302229
0.83194397 -0.61375745
0.83199155 -0.61449111
0.83203914 -0.61522328
0.83208672 -0.61595396
0.83213430 -0.61668313
0.83218188 -0.61741081
0.83222946 -0.61813699
0.83227704 -0.61886166
0.83232462 -0.61958483
0.83237220 -0.62030649
0.83241978 -0.62102665
0.83246737 -0.62174529
0.83251495 -0.62246243
0.83256253 -0.62317805
0.83261011 -0.62389216
0.83265769 -0.62460475
0.83270527 -0.62531582
0.83275285 -0.62602537
0.83280043 -0.62673340
0.83284801 -0.62743991
0.83289560 -0.62814489
0.83294318 -0.62884835
0.83299076 -0.62955028
0.83303834 -0.63025067
0.83308592 -0.63094954
0.83313350 -0.63164687
0.83318108 -0.63234267
0.83322866 -0.63303693
0.83327624 -0.63372965
0.83332383 -0.63442083
0.83337141 -0.63511047
0.83341899 -0.63579857
0.83346657 -0.63648512
0.83351415 -0.63717012
0.83356173 -0.63785358
0.83360931 -0.63853548
0.83365689 -0.63921584
0.83370447 -0.63989464
0.83375205 -0.64057188
0.83379964 -0.64124757
0.83384722 -0.64192170
0.83389480 -0.64259427
0.83394238 -0.64326528
0.83398996 -0.64393472
0.83403754 -0.64460260
0.83408512 -0.64526891
0.83413270 -0.64593366
0.83418028 -0.64659684
0.83422787 -0.64725844
0.83427545 -0.64791847
0.83432303 -0.64857693
0.83437061 -0.64923381
0.83441819 -0.64988911
0.83446577 -0.65054284
0.83451335 -0.65119498
0.83456093 -0.65184554
0.83460851 -0.65249451
0.83465610 -0.65314190
0.83470368 -0.65378771
0.83475126 -0.65443192
0.83479884 -0.65507454
0.83484642 -0.65571558
0.83489400 -0.65635501
0.83494158 -0.65699286
0.83498916 -0.65762910
0.83503674 -0.65826375
0.83508433 -0.65889680
0.83513191 -0.65952825
0.83517949 -0.66015809
0.83522707 -0.66078633
0.83527465 -0.66141297
0.83532223 -0.66203799
0.83536981 -0.66266141
0.83541739 -0.66328322
0.83546497 -0.66390341
0.83551255 -0.66452199
0.83556014 -0.66513896
0.83560772 -0.66575431
0.83565530 -0.66636804
0.83570288 -0.66698015
0.83575046 -0.66759065
0.83579804 -0.66819951
0.83584562 -0.66880676
0.83589320 -0.66941238
0.83594078 -0.67001637
0.83598837 -0.67061873
0.83603595 -0.67121947
0.83608353 -0.67181857
0.83613111 -0.67241604
0.83617869 -0.67301187
0.83622627 -0.67360607
0.83627385 -0.67419863
0.83632143 -0.67478955
0.83636901 -0.67537883
0.83641660 -0.67596647
0.83646418 -0.67655247
0.83651176 -0.67713682
0.83655934 -0.67771953
0.83660692 -0.67830059
0.83665450 -0.67888000
0.83670208 -0.67945776
0.83674966 -0.68003387
0.83679724 -0.68060832
0.83684483 -0.68118112
0.83689241 -0.68175226
0.83693999 -0.68232175
0.83698757 -0.68288958
0.83703515 -0.68345575
0.83708273 -0.68402025
0.83713031 -0.68458309
0.83717789 -0.68514427
0.83722547 -0.68570378
0.83727305 -0.68626163
0.83732064 -0.68681780
0.83736822 -0.68737231
0.83741580 -0.68792514
0.83746338 -0.68847631
0.83751096 -0.68902579
0.83755854 -0.68957361
0.83760612 -0.69011974
0.83765370 -0.69066420
0.83770128 -0.69120698
0.83774887 -0.69174807
0.83779645 -0.69228749
0.83784403 -0.69282522
0.83789161 -0.69336126
0.83793919 -0.69389562
0.83798677 -0.69442830
0.83803435 -0.69495928
0.83808193 -0.69548857
0.83812951 -0.69601617
0.83817710 -0.69654208
0.83822468 -0.69706629
0.83827226 -0.69758881
0.83831984 -0.69810963
0.83836742 -0.69862876
0.83841500 -0.69914618
0.83846258 -0.69966190
0.83851016 -0.70017592
0.83855774 -0.70068824
0.83860533 -0.70119885
0.83865291 -0.70170776
0.83870049 -0.70221496
0.83874807 -0.70272045
0.83879565 -0.70322423
0.83884323 -0.70372630
0.83889081 -0.70422666
0.83893839 -0.70472531
0.83898597 -0.70522224
0.83903355 -0.70571745
0.83908114 -0.70621095
0.83912872 -0.70670272
0.83917630 -0.70719278
0.83922388 -0.70768112
0.83927146 -0.70816773
0.83931904 -0.70865263
0.83936662 -0.70913579
0.83941420 -0.70961723
0.83946178 -0.71009695
0.83950937 -0.71057493
0.83955695 -0.71105119
0.83960453 -0.71152571
0.83965211 -0.71199851
0.83969969 -0.71246957
0.83974727 -0.71293889
0.83979485 -0.71340648
0.83984243 -0.71387233
0.83989001 -0.71433645
0.83993760 -0.71479882
0.83998518 -0.71525946
0.84003276 -0.71571835
0.84008034 -0.71617551
0.84012792 -0.71663091
0.84017550 -0.71708458
0.84022308 -0.71753649
0.84027066 -0.71798666
0.84031824 -0.71843508
0.84036583 -0.71888175
0.84041341 -0.71932667
0.84046099 -0.71976984
0.84050857 -0.72021126
0.84055615 -0.72065092
0.84060373 -0.72108883
0.84065131 -0.72152498
0.84069889 -0.72195937
0.84074647 -0.72239200
0.84079405 -0.72282288
0.84084164 -0.72325199
0.84088922 -0.72367934
0.84093680 -0.72410493
0.84098438 -0.72452875
0.84103196 -0.72495081
0.84107954 -0.72537111
0.84112712 -0.72578963
0.84117470 -0.72620639
0.84122228 -0.72662137
0.84126987 -0.72703459
0.84131745 -0.72744604
0.84136503 -0.72785571
0.84141261 -0.72826361
0.84146019 -0.72866973
0.84150777 -0.72907408
0.84155535 -0.72947665
0.84160293 -0.72987744
0.84165051 -0.73027645
0.84169810 -0.73067368
0.84174568 -0.73106914
0.84179326 -0.73146281
0.84184084 -0.73185469
0.84188842 -0.73224479
0.84193600 -0.73263311
0.84198358 -0.73301964
0.84203116 -0.73340438
0.84207874 -0.73378734
0.84212633 -0.73416850
0.84217391 -0.73454788
0.84222149 -0.73492546
0.84226907 -0.73530126
0.84231665 -0.73567525
0.84236423 -0.73604746
0.84241181 -0.73641787
0.84245939 -0.73678648
0.84250697 -0.73715329
0.84255455 -0.73751831
0.84260214 -0.73788153
0.84264972 -0.73824295
0.84269730 -0.73860257
0.84274488 -0.73896038
0.84279246 -0.73931639
0.84284004 -0.73967060
0.84288762 -0.74002300
0.84293520 -0.74037360
0.84298278 -0.74072239
0.84303037 -0.74106938
0.84307795 -0.74141455
0.84312553 -0.74175792
0.84317311 -0.74209947
0.84322069 -0.74243921
0.84326827 -0.74277715
0.84331585 -0.74311326
0.84336343 -0.74344757
0.84341101 -0.74378006
0.84345860 -0.74411073
0.84350618 -0.74443959
0.84355376 -0.74476663
0.84360134 -0.74509185
0.84364892 -0.74541525
0.84369650 -0.74573683
0.84374408 -0.74605659
0.84379166 -0.74637453
0.84383924 -0.74669064
0.84388682 -0.74700493
0.84393441 -0.74731740
0.84398199 -0.74762804
0.84402957 -0.74793686
0.84407715 -0.74824385
0.84412473 -0.74854901
0.84417231 -0.74885234
0.84421989 -0.74915384
0.84426747 -0.74945351
0.84431505 -0.74975135
0.84436264 -0.75004736
0.84441022 -0.75034154
0.84445780 -0.75063388
0.84450538 -0.75092439
0.84455296 -0.75121306
0.84460054 -0.75149990
0.84464812 -0.75178490
0.84469570 -0.75206806
0.84474328 -0.75234938
0.84479087 -0.75262886
0.84483845 -0.75290651
0.84488603 -0.75318231
0.84493361 -0.75345628
0.84498119 -0.75372839
0.84502877 -0.75399867
0.84507635 -0.75426710
0.84512393 -0.75453369
0.84517151 -0.75479844
0.84521910 -0.75506133
0.84526668 -0.75532238
0.84531426 -0.75558159
0.84536184 -0.75583894
0.84540942 -0.75609445
0.84545700 -0.75634810
0.84550458 -0.75659991
0.84555216 -0.75684986
0.84559974 -0.75709797
0.84564732 -0.75734422
0.84569491 -0.75758861
0.84574249 -0.75783116
0.84579007 -0.75807184
0.84583765 -0.75831068
0.84588523 -0.75854765
0.84593281 -0.75878277
0.84598039 -0.75901604
0.84602797 -0.75924744
0.84607555 -0.75947699
0.84612314 -0.75970467
0.84617072 -0.75993050
0.84621830 -0.76015447
0.84626588 -0.76037657
0.84631346 -0.76059681
0.84636104 -0.76081519
0.84640862 -0.76103171
0.84645620 -0.76124636
0.84650378 -0.76145915
0.84655137 -0.76167007
0.84659895 -0.76187913
0.84664653 -0.76208632
0.84669411 -0.76229165
0.84674169 -0.76249510
0.84678927 -0.76269669
0.84683685 -0.76289641
0.84688443 -0.76309426
0.84693201 -0.76329024
0.84697960 -0.76348434
0.84702718 -0.76367658
0.84707476 -0.76386695
0.84712234 -0.76405544
0.84716992 -0.76424206
0.84721750 -0.76442681
0.84726508 -0.76460968
0.84731266 -0.76479068
0.84736024 -0.76496980
0.84740782 -0.76514705
0.84745541 -0.76532242
0.84750299 -0.76549591
0.84755057 -0.76566752
0.84759815 -0.76583726
0.84764573 -0.76600512
0.84769331 -0.76617110
0.84774089 -0.76633520
0.84778847 -0.76649742
0.84783605 -0.76665776
0.84788364 -0.76681622
0.84793122 -0.76697280
0.84797880 -0.76712749
0.84802638 -0.76728031
0.84807396 -0.76743124
0.84812154 -0.76758028
0.84816912 -0.76772744
0.84821670 -0.76787272
0.84826428 -0.76801611
0.84831187 -0.76815762
0.84835945 -0.76829724
0.84840703 -0.76843497
0.84845461 -0.76857082
0.84850219 -0.76870478
0.84854977 -0.76883685
0.84859735 -0.76896703
0.84864493 -0.76909533
0.84869251 -0.76922173
0.84874010 -0.76934625
0.84878768 -0.76946888
0.84883526 -0.76958961
0.84888284 -0.76970846
0.84893042 -0.76982541
0.84897800 -0.76994047
0.84902558 -0.77005364
0.84907316 -0.77016492
0.84912074 -0.77027430
0.84916832 -0.77038179
0.84921591 -0.77048739
0.84926349 -0.77059109
0.84931107 -0.77069290
0.84935865 -0.77079281
0.84940623 -0.77089083
0.84945381 -0.77098695
0.84950139 -0.77108117
0.84954897 -0.77117350
0.84959655 -0.77126393
0.84964414 -0.77135247
0.84969172 -0.77143911
0.84973930 -0.77152385
0.84978688 -0.77160669
0.84983446 -0.77168763
0.84988204 -0.77176668
0.84992962 -0.77184382
0.84997720 -0.77191907
0.85002478 -0.77199241
0.85007237 -0.77206386
0.85011995 -0.77213340
0.85016753 -0.77220105
0.85021511 -0.77226679
0.85026269 -0.77233063
0.85031027 -0.77239257
0.85035785 -0.77245261
0.85040543 -0.77251075
0.85045301 -0.77256698
0.85050060 -0.77262131
0.85054818 -0.77267374
0.85059576 -0.77272426
0.85064334 -0.77277288
0.85069092 -0.77281960
0.85073850 -0.77286441
0.85078608 -0.77290732
0.85083366 -0.77294832
0.85088124 -0.77298742
0.85092882 -0.77302462
0.85097641 -0.77305990
0.85102399 -0.77309329
0.85107157 -0.77312476
0.85111915 -0.77315433
0.85116673 -0.77318200
0.85121431 -0.77320775
0.85126189 -0.77323160
0.85130947 -0.77325355
0.85135705 -0.77327358
0.85140464 -0.77329171
0.85145222 -0.77330793
0.85149980 -0.77332225
0.85154738 -0.77333465
0.85159496 -0.77334515
0.85164254 -0.77335374
0.85169012 -0.77336042
0.85173770 -0.77336519
0.85178528 -0.77336806
0.85183287 -0.77336901
