0.00000000 1.00000000
0.00033344 0.98976560
0.00066689 0.97973194
0.00100033 0.96989317
0.00133378 0.96024367
0.00166722 0.95077802
0.00200067 0.94149103
0.00233411 0.93237769
0.00266756 0.92343316
0.00300100 0.91465280
0.00333444 0.90603213
0.00366789 0.89756684
0.00400133 0.88925275
0.00433478 0.88108587
0.00466822 0.87306230
0.00500167 0.86517831
0.00533511 0.85743030
0.00566856 0.84981476
0.00600200 0.84232834
0.00633545 0.83496778
0.00666889 0.82772992
0.00700233 0.82061174
0.00733578 0.81361028
0.00766922 0.80672269
0.00800267 0.79994622
0.00833611 0.79327821
0.00866956 0.78671606
0.00900300 0.78025729
0.00933645 0.77389945
0.00966989 0.76764022
0.01000333 0.76147730
0.01033678 0.75540850
0.01067022 0.74943167
0.01100367 0.74354475
0.01133711 0.73774571
0.01167056 0.73203260
0.01200400 0.72640353
0.01233745 0.72085666
0.01267089 0.71539019
0.01300433 0.71000240
0.01333778 0.70469159
0.01367122 0.69945614
0.01400467 0.69429444
0.01433811 0.68920494
0.01467156 0.68418615
0.01500500 0.67923661
0.01533845 0.67435488
0.01567189 0.66953958
0.01600534 0.66478937
0.01633878 0.66010293
0.01667222 0.65547900
0.01700567 0.65091632
0.01733911 0.64641369
0.01767256 0.64196993
0.01800600 0.63758389
0.01833945 0.63325446
0.01867289 0.62898055
0.01900634 0.62476110
0.01933978 0.62059506
0.01967322 0.61648144
0.02000667 0.61241925
0.02034011 0.60840754
0.02067356 0.60444536
0.02100700 0.60053181
0.02134045 0.59666599
0.02167389 0.59284704
0.02200734 0.58907411
0.02234078 0.58534638
0.02267422 0.58166303
0.02300767 0.57802328
0.02334111 0.57442636
0.02367456 0.57087151
0.02400800 0.56735802
0.02434145 0.56388514
0.02467489 0.56045219
0.02500834 0.55705849
0.02534178 0.55370335
0.02567523 0.55038614
0.02600867 0.54710620
0.02634211 0.54386292
0.02667556 0.54065568
0.02700900 0.53748388
0.02734245 0.53434695
0.02767589 0.53124431
0.02800934 0.52817539
0.02834278 0.52513966
0.02867623 0.52213658
0.02900967 0.51916563
0.02934311 0.51622628
0.02967656 0.51331805
0.03001000 0.51044043
0.03034345 0.50759295
0.03067689 0.50477513
0.03101034 0.50198653
0.03134378 0.49922667
0.03167723 0.49649513
0.03201067 0.49379146
0.03234411 0.49111525
0.03267756 0.48846607
0.03301100 0.48584352
0.03334445 0.48324721
0.03367789 0.48067673
0.03401134 0.47813170
0.03434478 0.47561176
0.03467823 0.47311652
0.03501167 0.47064563
0.03534512 0.46819874
0.03567856 0.46577549
0.03601200 0.46337554
0.03634545 0.46099856
0.03667889 0.45864423
0.03701234 0.45631221
0.03734578 0.45400220
0.03767923 0.45171388
0.03801267 0.44944695
0.03834612 0.44720112
0.03867956 0.44497608
0.03901300 0.44277155
0.03934645 0.44058725
0.03967989 0.43842290
0.04001334 0.43627822
0.04034678 0.43415296
0.04068023 0.43204685
0.04101367 0.42995964
0.04134712 0.42789106
0.04168056 0.42584087
0.04201400 0.42380882
0.04234745 0.42179468
0.04268089 0.41979822
0.04301434 0.41781919
0.04334778 0.41585737
0.04368123 0.41391254
0.04401467 0.41198448
0.04434812 0.41007297
0.04468156 0.40817780
0.04501501 0.40629877
0.04534845 0.40443565
0.04568189 0.40258827
0.04601534 0.40075641
0.04634878 0.39893988
0.04668223 0.39713849
0.04701567 0.39535205
0.04734912 0.39358038
0.04768256 0.39182330
0.04801601 0.39008061
0.04834945 0.38835216
0.04868289 0.38663776
0.04901634 0.38493724
0.04934978 0.38325044
0.04968323 0.38157719
0.05001667 0.37991732
0.05035012 0.37827069
0.05068356 0.37663712
0.05101701 0.37501647
0.05135045 0.37340858
0.05168389 0.37181331
0.05201734 0.37023050
0.05235078 0.36866001
0.05268423 0.36710169
0.05301767 0.36555541
0.05335112 0.36402103
0.05368456 0.36249840
0.05401801 0.36098740
0.05435145 0.35948789
0.05468489 0.35799975
0.05501834 0.35652283
0.05535178 0.35505702
0.05568523 0.35360220
0.05601867 0.35215823
0.05635212 0.35072500
0.05668556 0.34930238
0.05701901 0.34789027
0.05735245 0.34648854
0.05768590 0.34509708
0.05801934 0.34371578
0.05835278 0.34234453
0.05868623 0.34098321
0.05901967 0.33963172
0.05935312 0.33828996
0.05968656 0.33695782
0.06002001 0.33563519
0.06035345 0.33432198
0.06068690 0.33301809
0.06102034 0.33172341
0.06135378 0.33043784
0.06168723 0.32916131
0.06202067 0.32789369
0.06235412 0.32663492
0.06268756 0.32538488
0.06302101 0.32414350
0.06335445 0.32291068
0.06368790 0.32168633
0.06402134 0.32047037
0.06435478 0.31926271
0.06468823 0.31806327
0.06502167 0.31687196
0.06535512 0.31568870
0.06568856 0.31451341
0.06602201 0.31334601
0.06635545 0.31218642
0.06668890 0.31103456
0.06702234 0.30989035
0.06735579 0.30875373
0.06768923 0.30762460
0.06802267 0.30650291
0.06835612 0.30538857
0.06868956 0.30428151
0.06902301 0.30318167
0.06935645 0.30208897
0.06968990 0.30100334
0.07002334 0.29992472
0.07035679 0.29885304
0.07069023 0.29778823
0.07102367 0.29673022
0.07135712 0.29567895
0.07169056 0.29463435
0.07202401 0.29359637
0.07235745 0.29256494
0.07269090 0.29153999
0.07302434 0.29052148
0.07335779 0.28950932
0.07369123 0.28850348
0.07402467 0.28750388
0.07435812 0.28651048
0.07469156 0.28552320
0.07502501 0.28454200
0.07535845 0.28356683
0.07569190 0.28259761
0.07602534 0.28163431
0.07635879 0.28067687
0.07669223 0.27972522
0.07702568 0.27877933
0.07735912 0.27783914
0.07769256 0.27690460
0.07802601 0.27597565
0.07835945 0.27505224
0.07869290 0.27413434
0.07902634 0.27322188
0.07935979 0.27231482
0.07969323 0.27141312
0.08002668 0.27051672
0.08036012 0.26962557
0.08069356 0.26873964
0.08102701 0.26785888
0.08136045 0.26698323
0.08169390 0.26611267
0.08202734 0.26524713
0.08236079 0.26438659
0.08269423 0.26353099
0.08302768 0.26268029
0.08336112 0.26183446
0.08369456 0.26099345
0.08402801 0.26015721
0.08436145 0.25932572
0.08469490 0.25849892
0.08502834 0.25767678
0.08536179 0.25685926
0.08569523 0.25604632
0.08602868 0.25523792
0.08636212 0.25443402
0.08669557 0.25363460
0.08702901 0.25283960
0.08736245 0.25204899
0.08769590 0.25126274
0.08802934 0.25048081
0.08836279 0.24970317
0.08869623 0.24892978
0.08902968 0.24816060
0.08936312 0.24739560
0.08969657 0.24663475
0.09003001 0.24587801
0.09036345 0.24512535
0.09069690 0.24437674
0.09103034 0.24363214
0.09136379 0.24289152
0.09169723 0.24215486
0.09203068 0.24142211
0.09236412 0.24069325
0.09269757 0.23996825
0.09303101 0.23924708
0.09336445 0.23852970
0.09369790 0.23781608
0.09403134 0.23710620
0.09436479 0.23640003
0.09469823 0.23569754
0.09503168 0.23499870
0.09536512 0.23430348
0.09569857 0.23361185
0.09603201 0.23292379
0.09636546 0.23223927
0.09669890 0.23155825
0.09703234 0.23088072
0.09736579 0.23020665
0.09769923 0.22953601
0.09803268 0.22886877
0.09836612 0.22820491
0.09869957 0.22754441
0.09903301 0.22688723
0.09936646 0.22623335
0.09969990 0.22558276
0.10003334 0.22493541
0.10036679 0.22429130
0.10070023 0.22365039
0.10103368 0.22301266
0.10136712 0.22237808
0.10170057 0.22174665
0.10203401 0.22111832
0.10236746 0.22049308
0.10270090 0.21987090
0.10303434 0.21925177
0.10336779 0.21863566
0.10370123 0.21802255
0.10403468 0.21741241
0.10436812 0.21680523
0.10470157 0.21620098
0.10503501 0.21559965
0.10536846 0.21500120
0.10570190 0.21440563
0.10603535 0.21381290
0.10636879 0.21322301
0.10670223 0.21263592
0.10703568 0.21205163
0.10736912 0.21147010
0.10770257 0.21089132
0.10803601 0.21031528
0.10836946 0.20974194
0.10870290 0.20917130
0.10903635 0.20860333
0.10936979 0.20803801
0.10970323 0.20747533
0.11003668 0.20691526
0.11037012 0.20635780
0.11070357 0.20580292
0.11103701 0.20525060
0.11137046 0.20470082
0.11170390 0.20415357
0.11203735 0.20360884
0.11237079 0.20306660
0.11270423 0.20252683
0.11303768 0.20198952
0.11337112 0.20145466
0.11370457 0.20092222
0.11403801 0.20039219
0.11437146 0.19986455
0.11470490 0.19933929
0.11503835 0.19881639
0.11537179 0.19829584
0.11570524 0.19777761
0.11603868 0.19726170
0.11637212 0.19674809
0.11670557 0.19623676
0.11703901 0.19572770
0.11737246 0.19522089
0.11770590 0.19471631
0.11803935 0.19421397
0.11837279 0.19371383
0.11870624 0.19321588
0.11903968 0.19272011
0.11937312 0.19222651
0.11970657 0.19173506
0.12004001 0.19124574
0.12037346 0.19075855
0.12070690 0.19027347
0.12104035 0.18979048
0.12137379 0.18930958
0.12170724 0.18883074
0.12204068 0.18835396
0.12237412 0.18787922
0.12270757 0.18740651
0.12304101 0.18693582
0.12337446 0.18646713
0.12370790 0.18600042
0.12404135 0.18553570
0.12437479 0.18507294
0.12470824 0.18461214
0.12504168 0.18415327
0.12537513 0.18369634
0.12570857 0.18324132
0.12604201 0.18278820
0.12637546 0.18233698
0.12670890 0.18188763
0.12704235 0.18144016
0.12737579 0.18099454
0.12770924 0.18055076
0.12804268 0.18010882
0.12837613 0.17966871
0.12870957 0.17923040
0.12904301 0.17879389
0.12937646 0.17835918
0.12970990 0.17792624
0.13004335 0.17749507
0.13037679 0.17706565
0.13071024 0.17663798
0.13104368 0.17621205
0.13137713 0.17578784
0.13171057 0.17536534
0.13204401 0.17494455
0.13237746 0.17452545
0.13271090 0.17410804
0.13304435 0.17369230
0.13337779 0.17327822
0.13371124 0.17286579
0.13404468 0.17245501
0.13437813 0.17204586
0.13471157 0.17163834
0.13504502 0.17123242
0.13537846 0.17082812
0.13571190 0.17042541
0.13604535 0.17002428
0.13637879 0.16962473
0.13671224 0.16922675
0.13704568 0.16883032
0.13737913 0.16843545
0.13771257 0.16804211
0.13804602 0.16765030
0.13837946 0.16726002
0.13871290 0.16687124
0.13904635 0.16648398
0.13937979 0.16609820
0.13971324 0.16571392
0.14004668 0.16533111
0.14038013 0.16494977
0.14071357 0.16456990
0.14104702 0.16419147
0.14138046 0.16381449
0.14171390 0.16343895
0.14204735 0.16306483
0.14238079 0.16269214
0.14271424 0.16232085
0.14304768 0.16195097
0.14338113 0.16158249
0.14371457 0.16121539
0.14404802 0.16084968
0.14438146 0.16048533
0.14471490 0.16012235
0.14504835 0.15976073
0.14538179 0.15940046
0.14571524 0.15904153
0.14604868 0.15868393
0.14638213 0.15832766
0.14671557 0.15797271
0.14704902 0.15761908
0.14738246 0.15726674
0.14771591 0.15691571
0.14804935 0.15656597
0.14838279 0.15621751
0.14871624 0.15587032
0.14904968 0.15552441
0.14938313 0.15517976
0.14971657 0.15483636
0.15005002 0.15449421
0.15038346 0.15415331
0.15071691 0.15381364
0.15105035 0.15347519
0.15138379 0.15313797
0.15171724 0.15280197
0.15205068 0.15246717
0.15238413 0.15213358
0.15271757 0.15180118
0.15305102 0.15146997
0.15338446 0.15113995
0.15371791 0.15081110
0.15405135 0.15048342
0.15438479 0.15015691
0.15471824 0.14983155
0.15505168 0.14950735
0.15538513 0.14918429
0.15571857 0.14886237
0.15605202 0.14854158
0.15638546 0.14822192
0.15671891 0.14790339
0.15705235 0.14758597
0.15738580 0.14726965
0.15771924 0.14695445
0.15805268 0.14664034
0.15838613 0.14632732
0.15871957 0.14601539
0.15905302 0.14570455
0.15938646 0.14539477
0.15971991 0.14508607
0.16005335 0.14477844
0.16038680 0.14447186
0.16072024 0.14416633
0.16105368 0.14386186
0.16138713 0.14355842
0.16172057 0.14325603
0.16205402 0.14295466
0.16238746 0.14265432
0.16272091 0.14235501
0.16305435 0.14205671
0.16338780 0.14175942
0.16372124 0.14146314
0.16405468 0.14116786
0.16438813 0.14087357
0.16472157 0.14058028
0.16505502 0.14028797
0.16538846 0.13999664
0.16572191 0.13970629
0.16605535 0.13941691
0.16638880 0.13912850
0.16672224 0.13884105
0.16705569 0.13855455
0.16738913 0.13826901
0.16772257 0.13798441
0.16805602 0.13770076
0.16838946 0.13741804
0.16872291 0.13713626
0.16905635 0.13685540
0.16938980 0.13657547
0.16972324 0.13629646
0.17005669 0.13601836
0.17039013 0.13574118
0.17072357 0.13546489
0.17105702 0.13518952
0.17139046 0.13491503
0.17172391 0.13464144
0.17205735 0.13436874
0.17239080 0.13409693
0.17272424 0.13382599
0.17305769 0.13355593
0.17339113 0.13328674
0.17372457 0.13301841
0.17405802 0.13275095
0.17439146 0.13248435
0.17472491 0.13221860
0.17505835 0.13195370
0.17539180 0.13168965
0.17572524 0.13142644
0.17605869 0.13116407
0.17639213 0.13090254
0.17672558 0.13064183
0.17705902 0.13038195
0.17739246 0.13012290
0.17772591 0.12986466
0.17805935 0.12960723
0.17839280 0.12935062
0.17872624 0.12909482
0.17905969 0.12883981
0.17939313 0.12858561
0.17972658 0.12833220
0.18006002 0.12807959
0.18039346 0.12782776
0.18072691 0.12757672
0.18106035 0.12732646
0.18139380 0.12707697
0.18172724 0.12682826
0.18206069 0.12658032
0.18239413 0.12633314
0.18272758 0.12608673
0.18306102 0.12584108
0.18339446 0.12559618
0.18372791 0.12535204
0.18406135 0.12510865
0.18439480 0.12486600
0.18472824 0.12462409
0.18506169 0.12438292
0.18539513 0.12414249
0.18572858 0.12390279
0.18606202 0.12366381
0.18639547 0.12342557
0.18672891 0.12318804
0.18706235 0.12295123
0.18739580 0.12271514
0.18772924 0.12247976
0.18806269 0.12224509
0.18839613 0.12201113
0.18872958 0.12177787
0.18906302 0.12154530
0.18939647 0.12131344
0.18972991 0.12108227
0.19006335 0.12085178
0.19039680 0.12062199
0.19073024 0.12039288
0.19106369 0.12016445
0.19139713 0.11993669
0.19173058 0.11970962
0.19206402 0.11948321
0.19239747 0.11925747
0.19273091 0.11903240
0.19306435 0.11880799
0.19339780 0.11858424
0.19373124 0.11836115
0.19406469 0.11813872
0.19439813 0.11791693
0.19473158 0.11769579
0.19506502 0.11747530
0.19539847 0.11725545
0.19573191 0.11703625
0.19606536 0.11681768
0.19639880 0.11659974
0.19673224 0.11638243
0.19706569 0.11616576
0.19739913 0.11594971
0.19773258 0.11573428
0.19806602 0.11551948
0.19839947 0.11530529
0.19873291 0.11509172
0.19906636 0.11487876
0.19939980 0.11466641
0.19973324 0.11445467
0.20006669 0.11424354
0.20040013 0.11403300
0.20073358 0.11382307
0.20106702 0.11361373
0.20140047 0.11340499
0.20173391 0.11319684
0.20206736 0.11298928
0.20240080 0.11278231
0.20273424 0.11257592
0.20306769 0.11237012
0.20340113 0.11216489
0.20373458 0.11196024
0.20406802 0.11175617
0.20440147 0.11155267
0.20473491 0.11134974
0.20506836 0.11114737
0.20540180 0.11094557
0.20573525 0.11074434
0.20606869 0.11054366
0.20640213 0.11034355
0.20673558 0.11014399
0.20706902 0.10994498
0.20740247 0.10974653
0.20773591 0.10954862
0.20806936 0.10935126
0.20840280 0.10915444
0.20873625 0.10895817
0.20906969 0.10876244
0.20940313 0.10856724
0.20973658 0.10837258
0.21007002 0.10817846
0.21040347 0.10798486
0.21073691 0.10779179
0.21107036 0.10759925
0.21140380 0.10740724
0.21173725 0.10721575
0.21207069 0.10702477
0.21240413 0.10683432
0.21273758 0.10664438
0.21307102 0.10645496
0.21340447 0.10626605
0.21373791 0.10607765
0.21407136 0.10588975
0.21440480 0.10570236
0.21473825 0.10551548
0.21507169 0.10532910
0.21540514 0.10514321
0.21573858 0.10495783
0.21607202 0.10477294
0.21640547 0.10458854
0.21673891 0.10440464
0.21707236 0.10422123
0.21740580 0.10403830
0.21773925 0.10385586
0.21807269 0.10367390
0.21840614 0.10349243
0.21873958 0.10331143
0.21907302 0.10313092
0.21940647 0.10295088
0.21973991 0.10277131
0.22007336 0.10259222
0.22040680 0.10241360
0.22074025 0.10223544
0.22107369 0.10205776
0.22140714 0.10188054
0.22174058 0.10170378
0.22207402 0.10152748
0.22240747 0.10135165
0.22274091 0.10117627
0.22307436 0.10100134
0.22340780 0.10082688
0.22374125 0.10065286
0.22407469 0.10047930
0.22440814 0.10030618
0.22474158 0.10013351
0.22507503 0.09996129
0.22540847 0.09978951
0.22574191 0.09961817
0.22607536 0.09944728
0.22640880 0.09927682
0.22674225 0.09910680
0.22707569 0.09893721
0.22740914 0.09876806
0.22774258 0.09859934
0.22807603 0.09843106
0.22840947 0.09826320
0.22874291 0.09809576
0.22907636 0.09792876
0.22940980 0.09776217
0.22974325 0.09759601
0.23007669 0.09743027
0.23041014 0.09726495
0.23074358 0.09710005
0.23107703 0.09693556
0.23141047 0.09677148
0.23174391 0.09660782
0.23207736 0.09644457
0.23241080 0.09628173
0.23274425 0.09611930
0.23307769 0.09595728
0.23341114 0.09579566
0.23374458 0.09563444
0.23407803 0.09547363
0.23441147 0.09531321
0.23474491 0.09515320
0.23507836 0.09499358
0.23541180 0.09483436
0.23574525 0.09467553
0.23607869 0.09451710
0.23641214 0.09435906
0.23674558 0.09420141
0.23707903 0.09404414
0.23741247 0.09388727
0.23774592 0.09373078
0.23807936 0.09357468
0.23841280 0.09341895
0.23874625 0.09326361
0.23907969 0.09310865
0.23941314 0.09295407
0.23974658 0.09279987
0.24008003 0.09264604
0.24041347 0.09249259
0.24074692 0.09233951
0.24108036 0.09218680
0.24141380 0.09203447
0.24174725 0.09188250
0.24208069 0.09173090
0.24241414 0.09157967
0.24274758 0.09142880
0.24308103 0.09127830
0.24341447 0.09112816
0.24374792 0.09097838
0.24408136 0.09082896
0.24441480 0.09067990
0.24474825 0.09053120
0.24508169 0.09038285
0.24541514 0.09023486
0.24574858 0.09008722
0.24608203 0.08993993
0.24641547 0.08979300
0.24674892 0.08964641
0.24708236 0.08950018
0.24741581 0.08935429
0.24774925 0.08920875
0.24808269 0.08906355
0.24841614 0.08891870
0.24874958 0.08877418
0.24908303 0.08863001
0.24941647 0.08848618
0.24974992 0.08834269
0.25008336 0.08819954
0.25041681 0.08805672
0.25075025 0.08791424
0.25108369 0.08777209
0.25141714 0.08763027
0.25175058 0.08748879
0.25208403 0.08734764
0.25241747 0.08720681
0.25275092 0.08706632
0.25308436 0.08692615
0.25341781 0.08678631
0.25375125 0.08664679
0.25408469 0.08650760
0.25441814 0.08636873
0.25475158 0.08623018
0.25508503 0.08609195
0.25541847 0.08595404
0.25575192 0.08581645
0.25608536 0.08567917
0.25641881 0.08554221
0.25675225 0.08540557
0.25708570 0.08526924
0.25741914 0.08513322
0.25775258 0.08499752
0.25808603 0.08486212
0.25841947 0.08472704
0.25875292 0.08459226
0.25908636 0.08445779
0.25941981 0.08432363
0.25975325 0.08418977
0.26008670 0.08405621
0.26042014 0.08392296
0.26075358 0.08379001
0.26108703 0.08365737
0.26142047 0.08352502
0.26175392 0.08339297
0.26208736 0.08326122
0.26242081 0.08312977
0.26275425 0.08299861
0.26308770 0.08286775
0.26342114 0.08273718
0.26375458 0.08260691
0.26408803 0.08247692
0.26442147 0.08234723
0.26475492 0.08221783
0.26508836 0.08208872
0.26542181 0.08195989
0.26575525 0.08183136
0.26608870 0.08170311
0.26642214 0.08157514
0.26675559 0.08144746
0.26708903 0.08132006
0.26742247 0.08119295
0.26775592 0.08106612
0.26808936 0.08093956
0.26842281 0.08081329
0.26875625 0.08068730
0.26908970 0.08056158
0.26942314 0.08043614
0.26975659 0.08031098
0.27009003 0.08018609
0.27042347 0.08006147
0.27075692 0.07993713
0.27109036 0.07981306
0.27142381 0.07968927
0.27175725 0.07956574
0.27209070 0.07944248
0.27242414 0.07931950
0.27275759 0.07919678
0.27309103 0.07907432
0.27342447 0.07895214
0.27375792 0.07883021
0.27409136 0.07870856
0.27442481 0.07858716
0.27475825 0.07846603
0.27509170 0.07834517
0.27542514 0.07822456
0.27575859 0.07810421
0.27609203 0.07798412
0.27642548 0.07786429
0.27675892 0.07774472
0.27709236 0.07762541
0.27742581 0.07750635
0.27775925 0.07738755
0.27809270 0.07726900
0.27842614 0.07715070
0.27875959 0.07703266
0.27909303 0.07691487
0.27942648 0.07679733
0.27975992 0.07668004
0.28009336 0.07656300
0.28042681 0.07644621
0.28076025 0.07632966
0.28109370 0.07621337
0.28142714 0.07609732
0.28176059 0.07598152
0.28209403 0.07586596
0.28242748 0.07575064
0.28276092 0.07563557
0.28309436 0.07552074
0.28342781 0.07540615
0.28376125 0.07529181
0.28409470 0.07517770
0.28442814 0.07506384
0.28476159 0.07495021
0.28509503 0.07483682
0.28542848 0.07472367
0.28576192 0.07461075
0.28609537 0.07449807
0.28642881 0.07438562
0.28676225 0.07427341
0.28709570 0.07416143
0.28742914 0.07404969
0.28776259 0.07393818
0.28809603 0.07382690
0.28842948 0.07371585
0.28876292 0.07360502
0.28909637 0.07349443
0.28942981 0.07338407
0.28976325 0.07327393
0.29009670 0.07316403
0.29043014 0.07305434
0.29076359 0.07294489
0.29109703 0.07283566
0.29143048 0.07272665
0.29176392 0.07261787
0.29209737 0.07250931
0.29243081 0.07240097
0.29276425 0.07229285
0.29309770 0.07218496
0.29343114 0.07207728
0.29376459 0.07196983
0.29409803 0.07186259
0.29443148 0.07175557
0.29476492 0.07164877
0.29509837 0.07154218
0.29543181 0.07143582
0.29576526 0.07132966
0.29609870 0.07122373
0.29643214 0.07111800
0.29676559 0.07101249
0.29709903 0.07090719
0.29743248 0.07080211
0.29776592 0.07069724
0.29809937 0.07059258
0.29843281 0.07048812
0.29876626 0.07038388
0.29909970 0.07027985
0.29943314 0.07017602
0.29976659 0.07007241
0.30010003 0.06996900
0.30043348 0.06986580
0.30076692 0.06976280
0.30110037 0.06966001
0.30143381 0.06955742
0.30176726 0.06945504
0.30210070 0.06935286
0.30243414 0.06925089
0.30276759 0.06914911
0.30310103 0.06904754
0.30343448 0.06894617
0.30376792 0.06884500
0.30410137 0.06874403
0.30443481 0.06864326
0.30476826 0.06854269
0.30510170 0.06844231
0.30543515 0.06834214
0.30576859 0.06824216
0.30610203 0.06814238
0.30643548 0.06804279
0.30676892 0.06794340
0.30710237 0.06784420
0.30743581 0.06774520
0.30776926 0.06764639
0.30810270 0.06754777
0.30843615 0.06744935
0.30876959 0.06735112
0.30910303 0.06725308
0.30943648 0.06715523
0.30976992 0.06705757
0.31010337 0.06696010
0.31043681 0.06686281
0.31077026 0.06676572
0.31110370 0.06666882
0.31143715 0.06657210
0.31177059 0.06647557
0.31210403 0.06637923
0.31243748 0.06628307
0.31277092 0.06618710
0.31310437 0.06609131
0.31343781 0.06599570
0.31377126 0.06590028
0.31410470 0.06580505
0.31443815 0.06570999
0.31477159 0.06561512
0.31510504 0.06552043
0.31543848 0.06542592
0.31577192 0.06533159
0.31610537 0.06523744
0.31643881 0.06514347
0.31677226 0.06504968
0.31710570 0.06495607
0.31743915 0.06486264
0.31777259 0.06476938
0.31810604 0.06467630
0.31843948 0.06458340
0.31877292 0.06449067
0.31910637 0.06439812
0.31943981 0.06430574
0.31977326 0.06421354
0.32010670 0.06412151
0.32044015 0.06402966
0.32077359 0.06393798
0.32110704 0.06384647
0.32144048 0.06375513
0.32177392 0.06366396
0.32210737 0.06357297
0.32244081 0.06348215
0.32277426 0.06339149
0.32310770 0.06330101
0.32344115 0.06321069
0.32377459 0.06312055
0.32410804 0.06303057
0.32444148 0.06294076
0.32477492 0.06285111
0.32510837 0.06276164
0.32544181 0.06267233
0.32577526 0.06258318
0.32610870 0.06249420
0.32644215 0.06240539
0.32677559 0.06231674
0.32710904 0.06222825
0.32744248 0.06213993
0.32777593 0.06205177
0.32810937 0.06196378
0.32844281 0.06187594
0.32877626 0.06178827
0.32910970 0.06170076
0.32944315 0.06161341
0.32977659 0.06152622
0.33011004 0.06143919
0.33044348 0.06135232
0.33077693 0.06126561
0.33111037 0.06117905
0.33144381 0.06109266
0.33177726 0.06100642
0.33211070 0.06092034
0.33244415 0.06083442
0.33277759 0.06074866
0.33311104 0.06066305
0.33344448 0.06057759
0.33377793 0.06049229
0.33411137 0.06040715
0.33444481 0.06032216
0.33477826 0.06023733
0.33511170 0.06015264
0.33544515 0.06006812
0.33577859 0.05998374
0.33611204 0.05989952
0.33644548 0.05981544
0.33677893 0.05973152
0.33711237 0.05964775
0.33744582 0.05956414
0.33777926 0.05948067
0.33811270 0.05939735
0.33844615 0.05931418
0.33877959 0.05923116
0.33911304 0.05914829
0.33944648 0.05906557
0.33977993 0.05898299
0.34011337 0.05890056
0.34044682 0.05881828
0.34078026 0.05873615
0.34111370 0.05865416
0.34144715 0.05857232
0.34178059 0.05849062
0.34211404 0.05840907
0.34244748 0.05832766
0.34278093 0.05824640
0.34311437 0.05816528
0.34344782 0.05808431
0.34378126 0.05800348
0.34411470 0.05792279
0.34444815 0.05784224
0.34478159 0.05776184
0.34511504 0.05768158
0.34544848 0.05760146
0.34578193 0.05752148
0.34611537 0.05744164
0.34644882 0.05736194
0.34678226 0.05728238
0.34711571 0.05720296
0.34744915 0.05712368
0.34778259 0.05704453
0.34811604 0.05696553
0.34844948 0.05688666
0.34878293 0.05680794
0.34911637 0.05672934
0.34944982 0.05665089
0.34978326 0.05657257
0.35011671 0.05649439
0.35045015 0.05641635
0.35078359 0.05633844
0.35111704 0.05626066
0.35145048 0.05618302
0.35178393 0.05610552
0.35211737 0.05602814
0.35245082 0.05595091
0.35278426 0.05587380
0.35311771 0.05579683
0.35345115 0.05571999
0.35378459 0.05564329
0.35411804 0.05556671
0.35445148 0.05549027
0.35478493 0.05541396
0.35511837 0.05533778
0.35545182 0.05526173
0.35578526 0.05518581
0.35611871 0.05511002
0.35645215 0.05503436
0.35678560 0.05495883
0.35711904 0.05488343
0.35745248 0.05480816
0.35778593 0.05473301
0.35811937 0.05465800
0.35845282 0.05458311
0.35878626 0.05450835
0.35911971 0.05443371
0.35945315 0.05435921
0.35978660 0.05428483
0.36012004 0.05421057
0.36045348 0.05413644
0.36078693 0.05406244
0.36112037 0.05398856
0.36145382 0.05391481
0.36178726 0.05384118
0.36212071 0.05376767
0.36245415 0.05369429
0.36278760 0.05362103
0.36312104 0.05354790
0.36345448 0.05347489
0.36378793 0.05340200
0.36412137 0.05332923
0.36445482 0.05325659
0.36478826 0.05318406
0.36512171 0.05311166
0.36545515 0.05303938
0.36578860 0.05296722
0.36612204 0.05289518
0.36645549 0.05282326
0.36678893 0.05275147
0.36712237 0.05267979
0.36745582 0.05260823
0.36778926 0.05253678
0.36812271 0.05246546
0.36845615 0.05239426
0.36878960 0.05232317
0.36912304 0.05225220
0.36945649 0.05218135
0.36978993 0.05211062
0.37012337 0.05204000
0.37045682 0.05196950
0.37079026 0.05189912
0.37112371 0.05182885
0.37145715 0.05175870
0.37179060 0.05168866
0.37212404 0.05161874
0.37245749 0.05154893
0.37279093 0.05147924
0.37312437 0.05140966
0.37345782 0.05134020
0.37379126 0.05127085
0.37412471 0.05120161
0.37445815 0.05113249
0.37479160 0.05106348
0.37512504 0.05099458
0.37545849 0.05092580
0.37579193 0.05085713
0.37612538 0.05078857
0.37645882 0.05072012
0.37679226 0.05065178
0.37712571 0.05058355
0.37745915 0.05051544
0.37779260 0.05044743
0.37812604 0.05037953
0.37845949 0.05031175
0.37879293 0.05024407
0.37912638 0.05017651
0.37945982 0.05010905
0.37979326 0.05004170
0.38012671 0.04997446
0.38046015 0.04990733
0.38079360 0.04984031
0.38112704 0.04977339
0.38146049 0.04970658
0.38179393 0.04963988
0.38212738 0.04957329
0.38246082 0.04950680
0.38279426 0.04944042
0.38312771 0.04937415
0.38346115 0.04930798
0.38379460 0.04924192
0.38412804 0.04917596
0.38446149 0.04911011
0.38479493 0.04904437
0.38512838 0.04897872
0.38546182 0.04891319
0.38579527 0.04884776
0.38612871 0.04878243
0.38646215 0.04871720
0.38679560 0.04865208
0.38712904 0.04858706
0.38746249 0.04852215
0.38779593 0.04845734
0.38812938 0.04839263
0.38846282 0.04832802
0.38879627 0.04826351
0.38912971 0.04819911
0.38946315 0.04813481
0.38979660 0.04807061
0.39013004 0.04800651
0.39046349 0.04794251
0.39079693 0.04787861
0.39113038 0.04781482
0.39146382 0.04775112
0.39179727 0.04768752
0.39213071 0.04762402
0.39246415 0.04756063
0.39279760 0.04749733
0.39313104 0.04743413
0.39346449 0.04737103
0.39379793 0.04730802
0.39413138 0.04724512
0.39446482 0.04718231
0.39479827 0.04711960
0.39513171 0.04705699
0.39546516 0.04699448
0.39579860 0.04693206
0.39613204 0.04686974
0.39646549 0.04680752
0.39679893 0.04674539
0.39713238 0.04668336
0.39746582 0.04662143
0.39779927 0.04655959
0.39813271 0.04649785
0.39846616 0.04643620
0.39879960 0.04637465
0.39913304 0.04631319
0.39946649 0.04625183
0.39979993 0.04619056
0.40013338 0.04612939
0.40046682 0.04606831
0.40080027 0.04600732
0.40113371 0.04594643
0.40146716 0.04588563
0.40180060 0.04582493
0.40213404 0.04576431
0.40246749 0.04570379
0.40280093 0.04564337
0.40313438 0.04558303
0.40346782 0.04552279
0.40380127 0.04546264
0.40413471 0.04540258
0.40446816 0.04534261
0.40480160 0.04528273
0.40513505 0.04522295
0.40546849 0.04516325
0.40580193 0.04510365
0.40613538 0.04504413
0.40646882 0.04498471
0.40680227 0.04492538
0.40713571 0.04486613
0.40746916 0.04480698
0.40780260 0.04474792
0.40813605 0.04468894
0.40846949 0.04463005
0.40880293 0.04457126
0.40913638 0.04451255
0.40946982 0.04445393
0.40980327 0.04439539
0.41013671 0.04433695
0.41047016 0.04427859
0.41080360 0.04422033
0.41113705 0.04416214
0.41147049 0.04410405
0.41180393 0.04404604
0.41213738 0.04398812
0.41247082 0.04393029
0.41280427 0.04387254
0.41313771 0.04381488
0.41347116 0.04375731
0.41380460 0.04369982
0.41413805 0.04364242
0.41447149 0.04358510
0.41480493 0.04352787
0.41513838 0.04347072
0.41547182 0.04341366
0.41580527 0.04335668
0.41613871 0.04329978
0.41647216 0.04324298
0.41680560 0.04318625
0.41713905 0.04312961
0.41747249 0.04307305
0.41780594 0.04301658
0.41813938 0.04296019
0.41847282 0.04290388
0.41880627 0.04284766
0.41913971 0.04279152
0.41947316 0.04273546
0.41980660 0.04267949
0.42014005 0.04262359
0.42047349 0.04256778
0.42080694 0.04251205
0.42114038 0.04245641
0.42147382 0.04240084
0.42180727 0.04234536
0.42214071 0.04228995
0.42247416 0.04223463
0.42280760 0.04217939
0.42314105 0.04212423
0.42347449 0.04206915
0.42380794 0.04201415
0.42414138 0.04195923
0.42447482 0.04190439
0.42480827 0.04184963
0.42514171 0.04179495
0.42547516 0.04174035
0.42580860 0.04168583
0.42614205 0.04163139
0.42647549 0.04157703
0.42680894 0.04152274
0.42714238 0.04146854
0.42747583 0.04141441
0.42780927 0.04136036
0.42814271 0.04130639
0.42847616 0.04125250
0.42880960 0.04119868
0.42914305 0.04114494
0.42947649 0.04109128
0.42980994 0.04103770
0.43014338 0.04098420
0.43047683 0.04093077
0.43081027 0.04087742
0.43114371 0.04082414
0.43147716 0.04077094
0.43181060 0.04071782
0.43214405 0.04066477
0.43247749 0.04061180
0.43281094 0.04055891
0.43314438 0.04050609
0.43347783 0.04045334
0.43381127 0.04040068
0.43414471 0.04034808
0.43447816 0.04029556
0.43481160 0.04024312
0.43514505 0.04019075
0.43547849 0.04013846
0.43581194 0.04008624
0.43614538 0.04003409
0.43647883 0.03998202
0.43681227 0.03993002
0.43714572 0.03987810
0.43747916 0.03982625
0.43781260 0.03977447
0.43814605 0.03972277
0.43847949 0.03967113
0.43881294 0.03961958
0.43914638 0.03956809
0.43947983 0.03951668
0.43981327 0.03946534
0.44014672 0.03941407
0.44048016 0.03936288
0.44081360 0.03931175
0.44114705 0.03926070
0.44148049 0.03920972
0.44181394 0.03915881
0.44214738 0.03910797
0.44248083 0.03905721
0.44281427 0.03900651
0.44314772 0.03895589
0.44348116 0.03890534
0.44381460 0.03885485
0.44414805 0.03880444
0.44448149 0.03875410
0.44481494 0.03870383
0.44514838 0.03865363
0.44548183 0.03860350
0.44581527 0.03855343
0.44614872 0.03850344
0.44648216 0.03845352
0.44681561 0.03840367
0.44714905 0.03835388
0.44748249 0.03830417
0.44781594 0.03825452
0.44814938 0.03820494
0.44848283 0.03815544
0.44881627 0.03810600
0.44914972 0.03805662
0.44948316 0.03800732
0.44981661 0.03795809
0.45015005 0.03790892
0.45048349 0.03785982
0.45081694 0.03781079
0.45115038 0.03776182
0.45148383 0.03771292
0.45181727 0.03766409
0.45215072 0.03761533
0.45248416 0.03756663
0.45281761 0.03751800
0.45315105 0.03746944
0.45348449 0.03742095
0.45381794 0.03737252
0.45415138 0.03732415
0.45448483 0.03727585
0.45481827 0.03722762
0.45515172 0.03717946
0.45548516 0.03713136
0.45581861 0.03708332
0.45615205 0.03703536
0.45648550 0.03698745
0.45681894 0.03693961
0.45715238 0.03689184
0.45748583 0.03684413
0.45781927 0.03679649
0.45815272 0.03674891
0.45848616 0.03670139
0.45881961 0.03665394
0.45915305 0.03660656
0.45948650 0.03655924
0.45981994 0.03651198
0.46015338 0.03646479
0.46048683 0.03641766
0.46082027 0.03637059
0.46115372 0.03632359
0.46148716 0.03627665
0.46182061 0.03622977
0.46215405 0.03618296
0.46248750 0.03613621
0.46282094 0.03608952
0.46315438 0.03604289
0.46348783 0.03599633
0.46382127 0.03594983
0.46415472 0.03590339
0.46448816 0.03585702
0.46482161 0.03581071
0.46515505 0.03576445
0.46548850 0.03571826
0.46582194 0.03567214
0.46615539 0.03562607
0.46648883 0.03558007
0.46682227 0.03553412
0.46715572 0.03548824
0.46748916 0.03544242
0.46782261 0.03539666
0.46815605 0.03535096
0.46848950 0.03530532
0.46882294 0.03525974
0.46915639 0.03521423
0.46948983 0.03516877
0.46982327 0.03512337
0.47015672 0.03507804
0.47049016 0.03503276
0.47082361 0.03498754
0.47115705 0.03494239
0.47149050 0.03489729
0.47182394 0.03485225
0.47215739 0.03480727
0.47249083 0.03476235
0.47282427 0.03471749
0.47315772 0.03467269
0.47349116 0.03462795
0.47382461 0.03458327
0.47415805 0.03453865
0.47449150 0.03449408
0.47482494 0.03444957
0.47515839 0.03440512
0.47549183 0.03436073
0.47582528 0.03431640
0.47615872 0.03427213
0.47649216 0.03422791
0.47682561 0.03418375
0.47715905 0.03413965
0.47749250 0.03409561
0.47782594 0.03405162
0.47815939 0.03400769
0.47849283 0.03396382
0.47882628 0.03392001
0.47915972 0.03387625
0.47949316 0.03383255
0.47982661 0.03378891
0.48016005 0.03374532
0.48049350 0.03370179
0.48082694 0.03365832
0.48116039 0.03361490
0.48149383 0.03357154
0.48182728 0.03352823
0.48216072 0.03348498
0.48249416 0.03344179
0.48282761 0.03339865
0.48316105 0.03335557
0.48349450 0.03331254
0.48382794 0.03326957
0.48416139 0.03322666
0.48449483 0.03318380
0.48482828 0.03314099
0.48516172 0.03309824
0.48549517 0.03305555
0.48582861 0.03301291
0.48616205 0.03297032
0.48649550 0.03292779
0.48682894 0.03288532
0.48716239 0.03284290
0.48749583 0.03280053
0.48782928 0.03275822
0.48816272 0.03271596
0.48849617 0.03267375
0.48882961 0.03263160
0.48916305 0.03258950
0.48949650 0.03254746
0.48982994 0.03250547
0.49016339 0.03246353
0.49049683 0.03242165
0.49083028 0.03237982
0.49116372 0.03233804
0.49149717 0.03229632
0.49183061 0.03225465
0.49216405 0.03221303
0.49249750 0.03217147
0.49283094 0.03212996
0.49316439 0.03208850
0.49349783 0.03204709
0.49383128 0.03200573
0.49416472 0.03196443
0.49449817 0.03192318
0.49483161 0.03188198
0.49516506 0.03184084
0.49549850 0.03179974
0.49583194 0.03175870
0.49616539 0.03171771
0.49649883 0.03167677
0.49683228 0.03163588
0.49716572 0.03159505
0.49749917 0.03155426
0.49783261 0.03151353
0.49816606 0.03147285
0.49849950 0.03143221
0.49883294 0.03139163
0.49916639 0.03135110
0.49949983 0.03131062
0.49983328 0.03127020
0.50016672 0.03122982
0.50050017 0.03118949
0.50083361 0.03114921
0.50116706 0.03110899
0.50150050 0.03106881
0.50183394 0.03102868
0.50216739 0.03098860
0.50250083 0.03094858
0.50283428 0.03090860
0.50316772 0.03086867
0.50350117 0.03082880
0.50383461 0.03078897
0.50416806 0.03074919
0.50450150 0.03070946
0.50483494 0.03066978
0.50516839 0.03063015
0.50550183 0.03059056
0.50583528 0.03055103
0.50616872 0.03051155
0.50650217 0.03047211
0.50683561 0.03043272
0.50716906 0.03039339
0.50750250 0.03035410
0.50783595 0.03031486
0.50816939 0.03027566
0.50850283 0.03023652
0.50883628 0.03019742
0.50916972 0.03015837
0.50950317 0.03011937
0.50983661 0.03008042
0.51017006 0.03004151
0.51050350 0.03000266
0.51083695 0.02996385
0.51117039 0.02992509
0.51150383 0.02988637
0.51183728 0.02984770
0.51217072 0.02980908
0.51250417 0.02977051
0.51283761 0.02973198
0.51317106 0.02969351
0.51350450 0.02965507
0.51383795 0.02961669
0.51417139 0.02957835
0.51450483 0.02954006
0.51483828 0.02950181
0.51517172 0.02946362
0.51550517 0.02942546
0.51583861 0.02938736
0.51617206 0.02934930
0.51650550 0.02931129
0.51683895 0.02927332
0.51717239 0.02923540
0.51750584 0.02919752
0.51783928 0.02915969
0.51817272 0.02912191
0.51850617 0.02908417
0.51883961 0.02904648
0.51917306 0.02900883
0.51950650 0.02897123
0.51983995 0.02893367
0.52017339 0.02889616
0.52050684 0.02885870
0.52084028 0.02882128
0.52117372 0.02878390
0.52150717 0.02874657
0.52184061 0.02870928
0.52217406 0.02867204
0.52250750 0.02863485
0.52284095 0.02859769
0.52317439 0.02856059
0.52350784 0.02852352
0.52384128 0.02848650
0.52417472 0.02844953
0.52450817 0.02841260
0.52484161 0.02837571
0.52517506 0.02833887
0.52550850 0.02830207
0.52584195 0.02826532
0.52617539 0.02822861
0.52650884 0.02819194
0.52684228 0.02815532
0.52717573 0.02811874
0.52750917 0.02808221
0.52784261 0.02804571
0.52817606 0.02800926
0.52850950 0.02797286
0.52884295 0.02793650
0.52917639 0.02790018
0.52950984 0.02786390
0.52984328 0.02782767
0.53017673 0.02779148
0.53051017 0.02775533
0.53084361 0.02771922
0.53117706 0.02768316
0.53151050 0.02764714
0.53184395 0.02761116
0.53217739 0.02757523
0.53251084 0.02753933
0.53284428 0.02750348
0.53317773 0.02746768
0.53351117 0.02743191
0.53384461 0.02739619
0.53417806 0.02736050
0.53451150 0.02732486
0.53484495 0.02728927
0.53517839 0.02725371
0.53551184 0.02721819
0.53584528 0.02718272
0.53617873 0.02714729
0.53651217 0.02711190
0.53684562 0.02707655
0.53717906 0.02704124
0.53751250 0.02700598
0.53784595 0.02697075
0.53817939 0.02693557
0.53851284 0.02690043
0.53884628 0.02686532
0.53917973 0.02683026
0.53951317 0.02679524
0.53984662 0.02676026
0.54018006 0.02672532
0.54051350 0.02669043
0.54084695 0.02665557
0.54118039 0.02662075
0.54151384 0.02658597
0.54184728 0.02655124
0.54218073 0.02651654
0.54251417 0.02648189
0.54284762 0.02644727
0.54318106 0.02641269
0.54351450 0.02637816
0.54384795 0.02634366
0.54418139 0.02630921
0.54451484 0.02627479
0.54484828 0.02624041
0.54518173 0.02620608
0.54551517 0.02617178
0.54584862 0.02613752
0.54618206 0.02610330
0.54651551 0.02606912
0.54684895 0.02603498
0.54718239 0.02600088
0.54751584 0.02596682
0.54784928 0.02593280
0.54818273 0.02589881
0.54851617 0.02586487
0.54884962 0.02583096
0.54918306 0.02579710
0.54951651 0.02576327
0.54984995 0.02572948
0.55018339 0.02569573
0.55051684 0.02566202
0.55085028 0.02562834
0.55118373 0.02559471
0.55151717 0.02556111
0.55185062 0.02552755
0.55218406 0.02549403
0.55251751 0.02546055
0.55285095 0.02542710
0.55318439 0.02539370
0.55351784 0.02536033
0.55385128 0.02532700
0.55418473 0.02529371
0.55451817 0.02526045
0.55485162 0.02522723
0.55518506 0.02519405
0.55551851 0.02516091
0.55585195 0.02512781
0.55618540 0.02509474
0.55651884 0.02506171
0.55685228 0.02502872
0.55718573 0.02499577
0.55751917 0.02496285
0.55785262 0.02492997
0.55818606 0.02489712
0.55851951 0.02486432
0.55885295 0.02483155
0.55918640 0.02479881
0.55951984 0.02476612
0.55985328 0.02473346
0.56018673 0.02470084
0.56052017 0.02466825
0.56085362 0.02463570
0.56118706 0.02460319
0.56152051 0.02457071
0.56185395 0.02453827
0.56218740 0.02450587
0.56252084 0.02447350
0.56285428 0.02444117
0.56318773 0.02440888
0.56352117 0.02437662
0.56385462 0.02434440
0.56418806 0.02431221
0.56452151 0.02428006
0.56485495 0.02424794
0.56518840 0.02421586
0.56552184 0.02418382
0.56585529 0.02415181
0.56618873 0.02411984
0.56652217 0.02408790
0.56685562 0.02405600
0.56718906 0.02402414
0.56752251 0.02399230
0.56785595 0.02396051
0.56818940 0.02392875
0.56852284 0.02389702
0.56885629 0.02386534
0.56918973 0.02383368
0.56952317 0.02380206
0.56985662 0.02377048
0.57019006 0.02373893
0.57052351 0.02370741
0.57085695 0.02367593
0.57119040 0.02364449
0.57152384 0.02361308
0.57185729 0.02358170
0.57219073 0.02355036
0.57252417 0.02351905
0.57285762 0.02348778
0.57319106 0.02345654
0.57352451 0.02342534
0.57385795 0.02339417
0.57419140 0.02336303
0.57452484 0.02333193
0.57485829 0.02330086
0.57519173 0.02326983
0.57552518 0.02323883
0.57585862 0.02320787
0.57619206 0.02317694
0.57652551 0.02314604
0.57685895 0.02311518
0.57719240 0.02308435
0.57752584 0.02305355
0.57785929 0.02302279
0.57819273 0.02299206
0.57852618 0.02296136
0.57885962 0.02293070
0.57919306 0.02290007
0.57952651 0.02286948
0.57985995 0.02283891
0.58019340 0.02280838
0.58052684 0.02277789
0.58086029 0.02274743
0.58119373 0.02271700
0.58152718 0.02268660
0.58186062 0.02265624
0.58219406 0.02262591
0.58252751 0.02259561
0.58286095 0.02256534
0.58319440 0.02253511
0.58352784 0.02250491
0.58386129 0.02247474
0.58419473 0.02244461
0.58452818 0.02241451
0.58486162 0.02238444
0.58519507 0.02235440
0.58552851 0.02232440
0.58586195 0.02229442
0.58619540 0.02226448
0.58652884 0.02223457
0.58686229 0.02220470
0.58719573 0.02217486
0.58752918 0.02214504
0.58786262 0.02211526
0.58819607 0.02208552
0.58852951 0.02205580
0.58886295 0.02202612
0.58919640 0.02199646
0.58952984 0.02196684
0.58986329 0.02193726
0.59019673 0.02190770
0.59053018 0.02187817
0.59086362 0.02184868
0.59119707 0.02181922
0.59153051 0.02178979
0.59186395 0.02176039
0.59219740 0.02173102
0.59253084 0.02170168
0.59286429 0.02167238
0.59319773 0.02164310
0.59353118 0.02161386
0.59386462 0.02158465
0.59419807 0.02155547
0.59453151 0.02152631
0.59486495 0.02149720
0.59519840 0.02146811
0.59553184 0.02143905
0.59586529 0.02141002
0.59619873 0.02138103
0.59653218 0.02135206
0.59686562 0.02132313
0.59719907 0.02129422
0.59753251 0.02126535
0.59786596 0.02123651
0.59819940 0.02120769
0.59853284 0.02117891
0.59886629 0.02115016
0.59919973 0.02112144
0.59953318 0.02109275
0.59986662 0.02106409
0.60020007 0.02103546
0.60053351 0.02100686
0.60086696 0.02097829
0.60120040 0.02094975
0.60153384 0.02092123
0.60186729 0.02089275
0.60220073 0.02086430
0.60253418 0.02083588
0.60286762 0.02080749
0.60320107 0.02077913
0.60353451 0.02075080
0.60386796 0.02072250
0.60420140 0.02069422
0.60453484 0.02066598
0.60486829 0.02063777
0.60520173 0.02060958
0.60553518 0.02058143
0.60586862 0.02055330
0.60620207 0.02052521
0.60653551 0.02049714
0.60686896 0.02046911
0.60720240 0.02044110
0.60753585 0.02041312
0.60786929 0.02038517
0.60820273 0.02035725
0.60853618 0.02032936
0.60886962 0.02030149
0.60920307 0.02027366
0.60953651 0.02024585
0.60986996 0.02021808
0.61020340 0.02019033
0.61053685 0.02016261
0.61087029 0.02013492
0.61120373 0.02010726
0.61153718 0.02007963
0.61187062 0.02005203
0.61220407 0.02002445
0.61253751 0.01999690
0.61287096 0.01996938
0.61320440 0.01994189
0.61353785 0.01991443
0.61387129 0.01988700
0.61420473 0.01985959
0.61453818 0.01983222
0.61487162 0.01980487
0.61520507 0.01977755
0.61553851 0.01975025
0.61587196 0.01972299
0.61620540 0.01969575
0.61653885 0.01966854
0.61687229 0.01964136
0.61720574 0.01961421
0.61753918 0.01958708
0.61787262 0.01955999
0.61820607 0.01953292
0.61853951 0.01950587
0.61887296 0.01947886
0.61920640 0.01945187
0.61953985 0.01942491
0.61987329 0.01939798
0.62020674 0.01937108
0.62054018 0.01934420
0.62087362 0.01931735
0.62120707 0.01929053
0.62154051 0.01926373
0.62187396 0.01923697
0.62220740 0.01921023
0.62254085 0.01918351
0.62287429 0.01915683
0.62320774 0.01913017
0.62354118 0.01910354
0.62387462 0.01907693
0.62420807 0.01905036
0.62454151 0.01902381
0.62487496 0.01899728
0.62520840 0.01897078
0.62554185 0.01894431
0.62587529 0.01891787
0.62620874 0.01889145
0.62654218 0.01886506
0.62687563 0.01883870
0.62720907 0.01881236
0.62754251 0.01878605
0.62787596 0.01875977
0.62820940 0.01873351
0.62854285 0.01870728
0.62887629 0.01868108
0.62920974 0.01865490
0.62954318 0.01862875
0.62987663 0.01860262
0.63021007 0.01857653
0.63054351 0.01855045
0.63087696 0.01852441
0.63121040 0.01849839
0.63154385 0.01847239
0.63187729 0.01844642
0.63221074 0.01842048
0.63254418 0.01839457
0.63287763 0.01836867
0.63321107 0.01834281
0.63354451 0.01831697
0.63387796 0.01829116
0.63421140 0.01826537
0.63454485 0.01823961
0.63487829 0.01821388
0.63521174 0.01818817
0.63554518 0.01816248
0.63587863 0.01813682
0.63621207 0.01811119
0.63654552 0.01808558
0.63687896 0.01806000
0.63721240 0.01803444
0.63754585 0.01800891
0.63787929 0.01798341
0.63821274 0.01795793
0.63854618 0.01793247
0.63887963 0.01790704
0.63921307 0.01788164
0.63954652 0.01785626
0.63987996 0.01783090
0.64021340 0.01780557
0.64054685 0.01778027
0.64088029 0.01775499
0.64121374 0.01772974
0.64154718 0.01770451
0.64188063 0.01767930
0.64221407 0.01765412
0.64254752 0.01762897
0.64288096 0.01760384
0.64321440 0.01757873
0.64354785 0.01755365
0.64388129 0.01752860
0.64421474 0.01750357
0.64454818 0.01747856
0.64488163 0.01745358
0.64521507 0.01742862
0.64554852 0.01740369
0.64588196 0.01737878
0.64621541 0.01735390
0.64654885 0.01732904
0.64688229 0.01730420
0.64721574 0.01727939
0.64754918 0.01725461
0.64788263 0.01722985
0.64821607 0.01720511
0.64854952 0.01718039
0.64888296 0.01715570
0.64921641 0.01713104
0.64954985 0.01710640
0.64988329 0.01708178
0.65021674 0.01705719
0.65055018 0.01703262
0.65088363 0.01700807
0.65121707 0.01698355
0.65155052 0.01695905
0.65188396 0.01693458
0.65221741 0.01691013
0.65255085 0.01688571
0.65288429 0.01686130
0.65321774 0.01683692
0.65355118 0.01681257
0.65388463 0.01678824
0.65421807 0.01676393
0.65455152 0.01673965
0.65488496 0.01671539
0.65521841 0.01669115
0.65555185 0.01666694
0.65588530 0.01664275
0.65621874 0.01661858
0.65655218 0.01659444
0.65688563 0.01657032
0.65721907 0.01654622
0.65755252 0.01652214
0.65788596 0.01649809
0.65821941 0.01647407
0.65855285 0.01645006
0.65888630 0.01642608
0.65921974 0.01640212
0.65955318 0.01637819
0.65988663 0.01635428
0.66022007 0.01633039
0.66055352 0.01630652
0.66088696 0.01628268
0.66122041 0.01625886
0.66155385 0.01623506
0.66188730 0.01621129
0.66222074 0.01618754
0.66255418 0.01616381
0.66288763 0.01614010
0.66322107 0.01611642
0.66355452 0.01609276
0.66388796 0.01606912
0.66422141 0.01604551
0.66455485 0.01602191
0.66488830 0.01599834
0.66522174 0.01597480
0.66555519 0.01595127
0.66588863 0.01592777
0.66622207 0.01590429
0.66655552 0.01588083
0.66688896 0.01585739
0.66722241 0.01583398
0.66755585 0.01581059
0.66788930 0.01578722
0.66822274 0.01576387
0.66855619 0.01574055
0.66888963 0.01571725
0.66922307 0.01569397
0.66955652 0.01567071
0.66988996 0.01564747
0.67022341 0.01562426
0.67055685 0.01560107
0.67089030 0.01557790
0.67122374 0.01555475
0.67155719 0.01553162
0.67189063 0.01550852
0.67222407 0.01548544
0.67255752 0.01546238
0.67289096 0.01543934
0.67322441 0.01541632
0.67355785 0.01539332
0.67389130 0.01537035
0.67422474 0.01534740
0.67455819 0.01532447
0.67489163 0.01530156
0.67522508 0.01527867
0.67555852 0.01525581
0.67589196 0.01523296
0.67622541 0.01521014
0.67655885 0.01518734
0.67689230 0.01516456
0.67722574 0.01514180
0.67755919 0.01511906
0.67789263 0.01509634
0.67822608 0.01507365
0.67855952 0.01505098
0.67889296 0.01502832
0.67922641 0.01500569
0.67955985 0.01498308
0.67989330 0.01496049
0.68022674 0.01493793
0.68056019 0.01491538
0.68089363 0.01489286
0.68122708 0.01487035
0.68156052 0.01484787
0.68189396 0.01482541
0.68222741 0.01480296
0.68256085 0.01478054
0.68289430 0.01475814
0.68322774 0.01473576
0.68356119 0.01471341
0.68389463 0.01469107
0.68422808 0.01466875
0.68456152 0.01464646
0.68489496 0.01462418
0.68522841 0.01460193
0.68556185 0.01457969
0.68589530 0.01455748
0.68622874 0.01453529
0.68656219 0.01451312
0.68689563 0.01449096
0.68722908 0.01446883
0.68756252 0.01444672
0.68789597 0.01442463
0.68822941 0.01440256
0.68856285 0.01438051
0.68889630 0.01435849
0.68922974 0.01433648
0.68956319 0.01431449
0.68989663 0.01429252
0.69023008 0.01427057
0.69056352 0.01424864
0.69089697 0.01422674
0.69123041 0.01420485
0.69156385 0.01418298
0.69189730 0.01416114
0.69223074 0.01413931
0.69256419 0.01411750
0.69289763 0.01409572
0.69323108 0.01407395
0.69356452 0.01405220
0.69389797 0.01403048
0.69423141 0.01400877
0.69456485 0.01398708
0.69489830 0.01396541
0.69523174 0.01394377
0.69556519 0.01392214
0.69589863 0.01390053
0.69623208 0.01387894
0.69656552 0.01385738
0.69689897 0.01383583
0.69723241 0.01381430
0.69756586 0.01379279
0.69789930 0.01377130
0.69823274 0.01374983
0.69856619 0.01372838
0.69889963 0.01370695
0.69923308 0.01368554
0.69956652 0.01366414
0.69989997 0.01364277
0.70023341 0.01362142
0.70056686 0.01360008
0.70090030 0.01357877
0.70123374 0.01355748
0.70156719 0.01353620
0.70190063 0.01351494
0.70223408 0.01349371
0.70256752 0.01347249
0.70290097 0.01345129
0.70323441 0.01343011
0.70356786 0.01340895
0.70390130 0.01338781
0.70423474 0.01336669
0.70456819 0.01334558
0.70490163 0.01332450
0.70523508 0.01330344
0.70556852 0.01328239
0.70590197 0.01326136
0.70623541 0.01324036
0.70656886 0.01321937
0.70690230 0.01319840
0.70723575 0.01317745
0.70756919 0.01315651
0.70790263 0.01313560
0.70823608 0.01311470
0.70856952 0.01309383
0.70890297 0.01307297
0.70923641 0.01305213
0.70956986 0.01303131
0.70990330 0.01301051
0.71023675 0.01298973
0.71057019 0.01296897
0.71090363 0.01294822
0.71123708 0.01292750
0.71157052 0.01290679
0.71190397 0.01288610
0.71223741 0.01286543
0.71257086 0.01284477
0.71290430 0.01282414
0.71323775 0.01280353
0.71357119 0.01278293
0.71390463 0.01276235
0.71423808 0.01274179
0.71457152 0.01272125
0.71490497 0.01270072
0.71523841 0.01268022
0.71557186 0.01265973
0.71590530 0.01263926
0.71623875 0.01261881
0.71657219 0.01259838
0.71690564 0.01257796
0.71723908 0.01255757
0.71757252 0.01253719
0.71790597 0.01251683
0.71823941 0.01249649
0.71857286 0.01247616
0.71890630 0.01245586
0.71923975 0.01243557
0.71957319 0.01241530
0.71990664 0.01239505
0.72024008 0.01237481
0.72057352 0.01235460
0.72090697 0.01233440
0.72124041 0.01231422
0.72157386 0.01229406
0.72190730 0.01227391
0.72224075 0.01225378
0.72257419 0.01223367
0.72290764 0.01221358
0.72324108 0.01219351
0.72357452 0.01217345
0.72390797 0.01215341
0.72424141 0.01213339
0.72457486 0.01211339
0.72490830 0.01209341
0.72524175 0.01207344
0.72557519 0.01205349
0.72590864 0.01203355
0.72624208 0.01201364
0.72657553 0.01199374
0.72690897 0.01197386
0.72724241 0.01195400
0.72757586 0.01193415
0.72790930 0.01191432
0.72824275 0.01189451
0.72857619 0.01187472
0.72890964 0.01185494
0.72924308 0.01183518
0.72957653 0.01181544
0.72990997 0.01179572
0.73024341 0.01177601
0.73057686 0.01175632
0.73091030 0.01173665
0.73124375 0.01171699
0.73157719 0.01169735
0.73191064 0.01167773
0.73224408 0.01165813
0.73257753 0.01163854
0.73291097 0.01161897
0.73324441 0.01159941
0.73357786 0.01157988
0.73391130 0.01156036
0.73424475 0.01154086
0.73457819 0.01152137
0.73491164 0.01150190
0.73524508 0.01148245
0.73557853 0.01146302
0.73591197 0.01144360
0.73624542 0.01142420
0.73657886 0.01140481
0.73691230 0.01138545
0.73724575 0.01136609
0.73757919 0.01134676
0.73791264 0.01132744
0.73824608 0.01130814
0.73857953 0.01128886
0.73891297 0.01126959
0.73924642 0.01125034
0.73957986 0.01123111
0.73991330 0.01121189
0.74024675 0.01119269
0.74058019 0.01117351
0.74091364 0.01115434
0.74124708 0.01113519
0.74158053 0.01111605
0.74191397 0.01109693
0.74224742 0.01107783
0.74258086 0.01105875
0.74291430 0.01103968
0.74324775 0.01102062
0.74358119 0.01100159
0.74391464 0.01098257
0.74424808 0.01096356
0.74458153 0.01094458
0.74491497 0.01092561
0.74524842 0.01090665
0.74558186 0.01088771
0.74591531 0.01086879
0.74624875 0.01084988
0.74658219 0.01083099
0.74691564 0.01081212
0.74724908 0.01079326
0.74758253 0.01077442
0.74791597 0.01075559
0.74824942 0.01073679
0.74858286 0.01071799
0.74891631 0.01069921
0.74924975 0.01068045
0.74958319 0.01066171
0.74991664 0.01064298
0.75025008 0.01062426
0.75058353 0.01060557
0.75091697 0.01058688
0.75125042 0.01056822
0.75158386 0.01054957
0.75191731 0.01053093
0.75225075 0.01051232
0.75258419 0.01049371
0.75291764 0.01047513
0.75325108 0.01045656
0.75358453 0.01043800
0.75391797 0.01041946
0.75425142 0.01040094
0.75458486 0.01038243
0.75491831 0.01036394
0.75525175 0.01034546
0.75558520 0.01032700
0.75591864 0.01030855
0.75625208 0.01029012
0.75658553 0.01027171
0.75691897 0.01025331
0.75725242 0.01023493
0.75758586 0.01021656
0.75791931 0.01019820
0.75825275 0.01017987
0.75858620 0.01016155
0.75891964 0.01014324
0.75925308 0.01012495
0.75958653 0.01010667
0.75991997 0.01008841
0.76025342 0.01007017
0.76058686 0.01005194
0.76092031 0.01003373
0.76125375 0.01001553
0.76158720 0.00999734
0.76192064 0.00997918
0.76225408 0.00996102
0.76258753 0.00994288
0.76292097 0.00992476
0.76325442 0.00990665
0.76358786 0.00988856
0.76392131 0.00987048
0.76425475 0.00985242
0.76458820 0.00983438
0.76492164 0.00981634
0.76525509 0.00979833
0.76558853 0.00978033
0.76592197 0.00976234
0.76625542 0.00974437
0.76658886 0.00972641
0.76692231 0.00970847
0.76725575 0.00969054
0.76758920 0.00967263
0.76792264 0.00965473
0.76825609 0.00963685
0.76858953 0.00961898
0.76892297 0.00960113
0.76925642 0.00958329
0.76958986 0.00956547
0.76992331 0.00954766
0.77025675 0.00952987
0.77059020 0.00951209
0.77092364 0.00949433
0.77125709 0.00947658
0.77159053 0.00945884
0.77192397 0.00944112
0.77225742 0.00942342
0.77259086 0.00940573
0.77292431 0.00938805
0.77325775 0.00937039
0.77359120 0.00935275
0.77392464 0.00933511
0.77425809 0.00931750
0.77459153 0.00929989
0.77492497 0.00928231
0.77525842 0.00926473
0.77559186 0.00924717
0.77592531 0.00922963
0.77625875 0.00921210
0.77659220 0.00919458
0.77692564 0.00917708
0.77725909 0.00915959
0.77759253 0.00914212
0.77792598 0.00912466
0.77825942 0.00910722
0.77859286 0.00908979
0.77892631 0.00907237
0.77925975 0.00905497
0.77959320 0.00903759
0.77992664 0.00902021
0.78026009 0.00900286
0.78059353 0.00898551
0.78092698 0.00896818
0.78126042 0.00895087
0.78159386 0.00893356
0.78192731 0.00891628
0.78226075 0.00889900
0.78259420 0.00888174
0.78292764 0.00886450
0.78326109 0.00884727
0.78359453 0.00883005
0.78392798 0.00881285
0.78426142 0.00879566
0.78459486 0.00877849
0.78492831 0.00876133
0.78526175 0.00874418
0.78559520 0.00872705
0.78592864 0.00870993
0.78626209 0.00869282
0.78659553 0.00867573
0.78692898 0.00865865
0.78726242 0.00864159
0.78759587 0.00862454
0.78792931 0.00860751
0.78826275 0.00859048
0.78859620 0.00857348
0.78892964 0.00855648
0.78926309 0.00853950
0.78959653 0.00852254
0.78992998 0.00850558
0.79026342 0.00848864
0.79059687 0.00847172
0.79093031 0.00845481
0.79126375 0.00843791
0.79159720 0.00842102
0.79193064 0.00840415
0.79226409 0.00838730
0.79259753 0.00837045
0.79293098 0.00835362
0.79326442 0.00833681
0.79359787 0.00832000
0.79393131 0.00830322
0.79426475 0.00828644
0.79459820 0.00826968
0.79493164 0.00825293
0.79526509 0.00823619
0.79559853 0.00821947
0.79593198 0.00820276
0.79626542 0.00818607
0.79659887 0.00816939
0.79693231 0.00815272
0.79726576 0.00813606
0.79759920 0.00811942
0.79793264 0.00810280
0.79826609 0.00808618
0.79859953 0.00806958
0.79893298 0.00805299
0.79926642 0.00803642
0.79959987 0.00801986
0.79993331 0.00800331
0.80026676 0.00798677
0.80060020 0.00797025
0.80093364 0.00795374
0.80126709 0.00793725
0.80160053 0.00792077
0.80193398 0.00790430
0.80226742 0.00788784
0.80260087 0.00787140
0.80293431 0.00785497
0.80326776 0.00783855
0.80360120 0.00782215
0.80393464 0.00780576
0.80426809 0.00778938
0.80460153 0.00777302
0.80493498 0.00775667
0.80526842 0.00774033
0.80560187 0.00772400
0.80593531 0.00770769
0.80626876 0.00769139
0.80660220 0.00767510
0.80693565 0.00765883
0.80726909 0.00764257
0.80760253 0.00762632
0.80793598 0.00761009
0.80826942 0.00759387
0.80860287 0.00757766
0.80893631 0.00756146
0.80926976 0.00754528
0.80960320 0.00752911
0.80993665 0.00751295
0.81027009 0.00749680
0.81060353 0.00748067
0.81093698 0.00746455
0.81127042 0.00744845
0.81160387 0.00743235
0.81193731 0.00741627
0.81227076 0.00740020
0.81260420 0.00738415
0.81293765 0.00736810
0.81327109 0.00735207
0.81360453 0.00733605
0.81393798 0.00732005
0.81427142 0.00730406
0.81460487 0.00728808
0.81493831 0.00727211
0.81527176 0.00725615
0.81560520 0.00724021
0.81593865 0.00722428
0.81627209 0.00720836
0.81660554 0.00719246
0.81693898 0.00717656
0.81727242 0.00716068
0.81760587 0.00714482
0.81793931 0.00712896
0.81827276 0.00711312
0.81860620 0.00709729
0.81893965 0.00708147
0.81927309 0.00706566
0.81960654 0.00704987
0.81993998 0.00703409
0.82027342 0.00701832
0.82060687 0.00700256
0.82094031 0.00698682
0.82127376 0.00697109
0.82160720 0.00695537
0.82194065 0.00693966
0.82227409 0.00692397
0.82260754 0.00690828
0.82294098 0.00689261
0.82327442 0.00687695
0.82360787 0.00686131
0.82394131 0.00684567
0.82427476 0.00683005
0.82460820 0.00681444
0.82494165 0.00679884
0.82527509 0.00678326
0.82560854 0.00676769
0.82594198 0.00675212
0.82627543 0.00673658
0.82660887 0.00672104
0.82694231 0.00670551
0.82727576 0.00669000
0.82760920 0.00667450
0.82794265 0.00665901
0.82827609 0.00664353
0.82860954 0.00662807
0.82894298 0.00661261
0.82927643 0.00659717
0.82960987 0.00658174
0.82994331 0.00656633
0.83027676 0.00655092
0.83061020 0.00653553
0.83094365 0.00652015
0.83127709 0.00650478
0.83161054 0.00648942
0.83194398 0.00647407
0.83227743 0.00645874
0.83261087 0.00644341
0.83294431 0.00642810
0.83327776 0.00641281
0.83361120 0.00639752
0.83394465 0.00638224
0.83427809 0.00636698
0.83461154 0.00635173
0.83494498 0.00633649
0.83527843 0.00632126
0.83561187 0.00630604
0.83594532 0.00629084
0.83627876 0.00627564
0.83661220 0.00626046
0.83694565 0.00624529
0.83727909 0.00623013
0.83761254 0.00621498
0.83794598 0.00619985
0.83827943 0.00618473
0.83861287 0.00616961
0.83894632 0.00615451
0.83927976 0.00613942
0.83961320 0.00612435
0.83994665 0.00610928
0.84028009 0.00609423
0.84061354 0.00607918
0.84094698 0.00606415
0.84128043 0.00604913
0.84161387 0.00603412
0.84194732 0.00601912
0.84228076 0.00600414
0.84261420 0.00598916
0.84294765 0.00597420
0.84328109 0.00595925
0.84361454 0.00594431
0.84394798 0.00592938
0.84428143 0.00591446
0.84461487 0.00589956
0.84494832 0.00588466
0.84528176 0.00586978
0.84561521 0.00585490
0.84594865 0.00584004
0.84628209 0.00582519
0.84661554 0.00581036
0.84694898 0.00579553
0.84728243 0.00578071
0.84761587 0.00576591
0.84794932 0.00575111
0.84828276 0.00573633
0.84861621 0.00572156
0.84894965 0.00570680
0.84928309 0.00569205
0.84961654 0.00567731
0.84994998 0.00566259
0.85028343 0.00564787
0.85061687 0.00563317
0.85095032 0.00561847
0.85128376 0.00560379
0.85161721 0.00558912
0.85195065 0.00557446
0.85228409 0.00555981
0.85261754 0.00554517
0.85295098 0.00553054
0.85328443 0.00551593
0.85361787 0.00550132
0.85395132 0.00548673
0.85428476 0.00547214
0.85461821 0.00545757
0.85495165 0.00544301
0.85528510 0.00542846
0.85561854 0.00541392
0.85595198 0.00539939
0.85628543 0.00538487
0.85661887 0.00537037
0.85695232 0.00535587
0.85728576 0.00534139
0.85761921 0.00532691
0.85795265 0.00531245
0.85828610 0.00529800
0.85861954 0.00528355
0.85895298 0.00526912
0.85928643 0.00525470
0.85961987 0.00524029
0.85995332 0.00522590
0.86028676 0.00521151
0.86062021 0.00519713
0.86095365 0.00518276
0.86128710 0.00516841
0.86162054 0.00515406
0.86195398 0.00513973
0.86228743 0.00512540
0.86262087 0.00511109
0.86295432 0.00509679
0.86328776 0.00508250
0.86362121 0.00506822
0.86395465 0.00505395
0.86428810 0.00503969
0.86462154 0.00502544
0.86495498 0.00501120
0.86528843 0.00499697
0.86562187 0.00498275
0.86595532 0.00496854
0.86628876 0.00495435
0.86662221 0.00494016
0.86695565 0.00492599
0.86728910 0.00491182
0.86762254 0.00489767
0.86795599 0.00488352
0.86828943 0.00486939
0.86862287 0.00485527
0.86895632 0.00484115
0.86928976 0.00482705
0.86962321 0.00481296
0.86995665 0.00479888
0.87029010 0.00478481
0.87062354 0.00477075
0.87095699 0.00475670
0.87129043 0.00474266
0.87162387 0.00472863
0.87195732 0.00471461
0.87229076 0.00470060
0.87262421 0.00468660
0.87295765 0.00467261
0.87329110 0.00465863
0.87362454 0.00464466
0.87395799 0.00463071
0.87429143 0.00461676
0.87462487 0.00460282
0.87495832 0.00458890
0.87529176 0.00457498
0.87562521 0.00456107
0.87595865 0.00454718
0.87629210 0.00453329
0.87662554 0.00451942
0.87695899 0.00450555
0.87729243 0.00449169
0.87762588 0.00447785
0.87795932 0.00446401
0.87829276 0.00445019
0.87862621 0.00443637
0.87895965 0.00442257
0.87929310 0.00440877
0.87962654 0.00439499
0.87995999 0.00438121
0.88029343 0.00436745
0.88062688 0.00435370
0.88096032 0.00433995
0.88129376 0.00432622
0.88162721 0.00431249
0.88196065 0.00429878
0.88229410 0.00428507
0.88262754 0.00427138
0.88296099 0.00425769
0.88329443 0.00424402
0.88362788 0.00423035
0.88396132 0.00421670
0.88429476 0.00420305
0.88462821 0.00418942
0.88496165 0.00417579
0.88529510 0.00416218
0.88562854 0.00414857
0.88596199 0.00413498
0.88629543 0.00412139
0.88662888 0.00410782
0.88696232 0.00409425
0.88729577 0.00408070
0.88762921 0.00406715
0.88796265 0.00405361
0.88829610 0.00404009
0.88862954 0.00402657
0.88896299 0.00401306
0.88929643 0.00399957
0.88962988 0.00398608
0.88996332 0.00397260
0.89029677 0.00395913
0.89063021 0.00394567
0.89096365 0.00393223
0.89129710 0.00391879
0.89163054 0.00390536
0.89196399 0.00389194
0.89229743 0.00387853
0.89263088 0.00386513
0.89296432 0.00385174
0.89329777 0.00383836
0.89363121 0.00382499
0.89396465 0.00381162
0.89429810 0.00379827
0.89463154 0.00378493
0.89496499 0.00377160
0.89529843 0.00375827
0.89563188 0.00374496
0.89596532 0.00373166
0.89629877 0.00371836
0.89663221 0.00370508
0.89696566 0.00369180
0.89729910 0.00367853
0.89763254 0.00366528
0.89796599 0.00365203
0.89829943 0.00363879
0.89863288 0.00362557
0.89896632 0.00361235
0.89929977 0.00359914
0.89963321 0.00358594
0.89996666 0.00357275
0.90030010 0.00355957
0.90063354 0.00354639
0.90096699 0.00353323
0.90130043 0.00352008
0.90163388 0.00350694
0.90196732 0.00349380
0.90230077 0.00348068
0.90263421 0.00346756
0.90296766 0.00345446
0.90330110 0.00344136
0.90363454 0.00342827
0.90396799 0.00341520
0.90430143 0.00340213
0.90463488 0.00338907
0.90496832 0.00337602
0.90530177 0.00336298
0.90563521 0.00334994
0.90596866 0.00333692
0.90630210 0.00332391
0.90663555 0.00331091
0.90696899 0.00329791
0.90730243 0.00328493
0.90763588 0.00327195
0.90796932 0.00325898
0.90830277 0.00324603
0.90863621 0.00323308
0.90896966 0.00322014
0.90930310 0.00320721
0.90963655 0.00319429
0.90996999 0.00318137
0.91030343 0.00316847
0.91063688 0.00315558
0.91097032 0.00314269
0.91130377 0.00312982
0.91163721 0.00311695
0.91197066 0.00310409
0.91230410 0.00309124
0.91263755 0.00307841
0.91297099 0.00306558
0.91330443 0.00305275
0.91363788 0.00303994
0.91397132 0.00302714
0.91430477 0.00301434
0.91463821 0.00300156
0.91497166 0.00298878
0.91530510 0.00297602
0.91563855 0.00296326
0.91597199 0.00295051
0.91630544 0.00293777
0.91663888 0.00292504
0.91697232 0.00291231
0.91730577 0.00289960
0.91763921 0.00288690
0.91797266 0.00287420
0.91830610 0.00286151
0.91863955 0.00284884
0.91897299 0.00283617
0.91930644 0.00282351
0.91963988 0.00281086
0.91997332 0.00279821
0.92030677 0.00278558
0.92064021 0.00277296
0.92097366 0.00276034
0.92130710 0.00274773
0.92164055 0.00273513
0.92197399 0.00272254
0.92230744 0.00270996
0.92264088 0.00269739
0.92297432 0.00268483
0.92330777 0.00267227
0.92364121 0.00265973
0.92397466 0.00264719
0.92430810 0.00263466
0.92464155 0.00262214
0.92497499 0.00260963
0.92530844 0.00259713
0.92564188 0.00258464
0.92597533 0.00257215
0.92630877 0.00255968
0.92664221 0.00254721
0.92697566 0.00253475
0.92730910 0.00252230
0.92764255 0.00250986
0.92797599 0.00249743
0.92830944 0.00248500
0.92864288 0.00247259
0.92897633 0.00246018
0.92930977 0.00244778
0.92964321 0.00243539
0.92997666 0.00242301
0.93031010 0.00241064
0.93064355 0.00239828
0.93097699 0.00238592
0.93131044 0.00237357
0.93164388 0.00236123
0.93197733 0.00234890
0.93231077 0.00233658
0.93264421 0.00232427
0.93297766 0.00231197
0.93331110 0.00229967
0.93364455 0.00228738
0.93397799 0.00227510
0.93431144 0.00226283
0.93464488 0.00225057
0.93497833 0.00223832
0.93531177 0.00222607
0.93564522 0.00221384
0.93597866 0.00220161
0.93631210 0.00218939
0.93664555 0.00217718
0.93697899 0.00216497
0.93731244 0.00215278
0.93764588 0.00214059
0.93797933 0.00212841
0.93831277 0.00211624
0.93864622 0.00210408
0.93897966 0.00209193
0.93931310 0.00207979
0.93964655 0.00206765
0.93997999 0.00205552
0.94031344 0.00204340
0.94064688 0.00203129
0.94098033 0.00201919
0.94131377 0.00200709
0.94164722 0.00199501
0.94198066 0.00198293
0.94231410 0.00197086
0.94264755 0.00195880
0.94298099 0.00194674
0.94331444 0.00193470
0.94364788 0.00192266
0.94398133 0.00191063
0.94431477 0.00189861
0.94464822 0.00188660
0.94498166 0.00187460
0.94531511 0.00186260
0.94564855 0.00185061
0.94598199 0.00183863
0.94631544 0.00182666
0.94664888 0.00181470
0.94698233 0.00180274
0.94731577 0.00179079
0.94764922 0.00177886
0.94798266 0.00176692
0.94831611 0.00175500
0.94864955 0.00174309
0.94898299 0.00173118
0.94931644 0.00171928
0.94964988 0.00170739
0.94998333 0.00169551
0.95031677 0.00168363
0.95065022 0.00167177
0.95098366 0.00165991
0.95131711 0.00164806
0.95165055 0.00163622
0.95198399 0.00162438
0.95231744 0.00161256
0.95265088 0.00160074
0.95298433 0.00158893
0.95331777 0.00157713
0.95365122 0.00156533
0.95398466 0.00155355
0.95431811 0.00154177
0.95465155 0.00153000
0.95498499 0.00151824
0.95531844 0.00150648
0.95565188 0.00149473
0.95598533 0.00148300
0.95631877 0.00147127
0.95665222 0.00145954
0.95698566 0.00144783
0.95731911 0.00143612
0.95765255 0.00142442
0.95798600 0.00141273
0.95831944 0.00140105
0.95865288 0.00138937
0.95898633 0.00137770
0.95931977 0.00136604
0.95965322 0.00135439
0.95998666 0.00134275
0.96032011 0.00133111
0.96065355 0.00131948
0.96098700 0.00130786
0.96132044 0.00129625
0.96165388 0.00128464
0.96198733 0.00127305
0.96232077 0.00126146
0.96265422 0.00124987
0.96298766 0.00123830
0.96332111 0.00122673
0.96365455 0.00121518
0.96398800 0.00120362
0.96432144 0.00119208
0.96465488 0.00118055
0.96498833 0.00116902
0.96532177 0.00115750
0.96565522 0.00114599
0.96598866 0.00113448
0.96632211 0.00112298
0.96665555 0.00111149
0.96698900 0.00110001
0.96732244 0.00108854
0.96765589 0.00107707
0.96798933 0.00106561
0.96832277 0.00105416
0.96865622 0.00104272
0.96898966 0.00103128
0.96932311 0.00101985
0.96965655 0.00100843
0.96999000 0.00099702
0.97032344 0.00098561
0.97065689 0.00097422
0.97099033 0.00096283
0.97132377 0.00095144
0.97165722 0.00094007
0.97199066 0.00092870
0.97232411 0.00091734
0.97265755 0.00090599
0.97299100 0.00089464
0.97332444 0.00088330
0.97365789 0.00087197
0.97399133 0.00086065
0.97432477 0.00084934
0.97465822 0.00083803
0.97499166 0.00082673
0.97532511 0.00081544
0.97565855 0.00080415
0.97599200 0.00079287
0.97632544 0.00078160
0.97665889 0.00077034
0.97699233 0.00075908
0.97732578 0.00074784
0.97765922 0.00073660
0.97799266 0.00072536
0.97832611 0.00071414
0.97865955 0.00070292
0.97899300 0.00069171
0.97932644 0.00068050
0.97965989 0.00066931
0.97999333 0.00065812
0.98032678 0.00064694
0.98066022 0.00063576
0.98099366 0.00062460
0.98132711 0.00061344
0.98166055 0.00060228
0.98199400 0.00059114
0.98232744 0.00058000
0.98266089 0.00056887
0.98299433 0.00055775
0.98332778 0.00054663
0.98366122 0.00053552
0.98399466 0.00052442
0.98432811 0.00051333
0.98466155 0.00050224
0.98499500 0.00049116
0.98532844 0.00048009
0.98566189 0.00046903
0.98599533 0.00045797
0.98632878 0.00044692
0.98666222 0.00043588
0.98699567 0.00042484
0.98732911 0.00041381
0.98766255 0.00040279
0.98799600 0.00039178
0.98832944 0.00038077
0.98866289 0.00036977
0.98899633 0.00035878
0.98932978 0.00034779
0.98966322 0.00033681
0.98999667 0.00032584
0.99033011 0.00031488
0.99066355 0.00030392
0.99099700 0.00029297
0.99133044 0.00028203
0.99166389 0.00027109
0.99199733 0.00026017
0.99233078 0.00024924
0.99266422 0.00023833
0.99299767 0.00022742
0.99333111 0.00021652
0.99366455 0.00020563
0.99399800 0.00019474
0.99433144 0.00018387
0.99466489 0.00017299
0.99499833 0.00016213
0.99533178 0.00015127
0.99566522 0.00014042
0.99599867 0.00012958
0.99633211 0.00011874
0.99666556 0.00010791
0.99699900 0.00009709
0.99733244 0.00008627
0.99766589 0.00007546
0.99799933 0.00006466
0.99833278 0.00005387
0.99866622 0.00004308
0.99899967 0.00003230
0.99933311 0.00002153
0.99966656 0.00001076
1.00000000 0.00000000
