0.28077532 0.92116522
0.28101514 0.92103049
0.28125496 0.92089565
0.28149478 0.92076069
0.28173461 0.92062561
0.28197443 0.92049042
0.28221425 0.92035512
0.28245407 0.92021970
0.28269389 0.92008416
0.28293371 0.91994851
0.28317353 0.91981275
0.28341336 0.91967687
0.28365318 0.91954088
0.28389300 0.91940477
0.28413282 0.91926854
0.28437264 0.91913220
0.28461246 0.91899575
0.28485228 0.91885918
0.28509211 0.91872249
0.28533193 0.91858569
0.28557175 0.91844878
0.28581157 0.91831175
0.28605139 0.91817460
0.28629121 0.91803734
0.28653104 0.91789997
0.28677086 0.91776248
0.28701068 0.91762487
0.28725050 0.91748715
0.28749032 0.91734932
0.28773014 0.91721137
0.28796996 0.91707330
0.28820979 0.91693512
0.28844961 0.91679682
0.28868943 0.91665841
0.28892925 0.91651989
0.28916907 0.91638125
0.28940889 0.91624249
0.28964871 0.91610362
0.28988854 0.91596464
0.29012836 0.91582554
0.29036818 0.91568632
0.29060800 0.91554699
0.29084782 0.91540754
0.29108764 0.91526798
0.29132747 0.91512831
0.29156729 0.91498852
0.29180711 0.91484861
0.29204693 0.91470859
0.29228675 0.91456846
0.29252657 0.91442820
0.29276639 0.91428784
0.29300622 0.91414736
0.29324604 0.91400676
0.29348586 0.91386605
0.29372568 0.91372522
0.29396550 0.91358428
0.29420532 0.91344323
0.29444514 0.91330206
0.29468497 0.91316077
0.29492479 0.91301937
0.29516461 0.91287785
0.29540443 0.91273622
0.29564425 0.91259448
0.29588407 0.91245261
0.29612390 0.91231064
0.29636372 0.91216855
0.29660354 0.91202634
0.29684336 0.91188402
0.29708318 0.91174158
0.29732300 0.91159903
0.29756282 0.91145637
0.29780265 0.91131358
0.29804247 0.91117069
0.29828229 0.91102768
0.29852211 0.91088455
0.29876193 0.91074131
0.29900175 0.91059795
0.29924157 0.91045448
0.29948140 0.91031089
0.29972122 0.91016719
0.29996104 0.91002337
0.30020086 0.90987944
0.30044068 0.90973540
0.30068050 0.90959123
0.30092033 0.90944696
0.30116015 0.90930257
0.30139997 0.90915806
0.30163979 0.90901344
0.30187961 0.90886870
0.30211943 0.90872385
0.30235925 0.90857888
0.30259908 0.90843380
0.30283890 0.90828860
0.30307872 0.90814329
0.30331854 0.90799786
0.30355836 0.90785232
0.30379818 0.90770666
0.30403800 0.90756089
0.30427783 0.90741500
0.30451765 0.90726900
0.30475747 0.90712288
0.30499729 0.90697665
0.30523711 0.90683031
0.30547693 0.90668384
0.30571676 0.90653727
0.30595658 0.90639057
0.30619640 0.90624377
0.30643622 0.90609684
0.30667604 0.90594981
0.30691586 0.90580265
0.30715568 0.90565539
0.30739551 0.90550800
0.30763533 0.90536051
0.30787515 0.90521289
0.30811497 0.90506517
0.30835479 0.90491732
0.30859461 0.90476936
0.30883443 0.90462129
0.30907426 0.90447310
0.30931408 0.90432480
0.30955390 0.90417638
0.30979372 0.90402785
0.31003354 0.90387920
0.31027336 0.90373044
0.31051319 0.90358156
0.31075301 0.90343257
0.31099283 0.90328346
0.31123265 0.90313424
0.31147247 0.90298490
0.31171229 0.90283545
0.31195211 0.90268588
0.31219194 0.90253620
0.31243176 0.90238640
0.31267158 0.90223648
0.31291140 0.90208646
0.31315122 0.90193631
0.31339104 0.90178605
0.31363086 0.90163568
0.31387069 0.90148519
0.31411051 0.90133459
0.31435033 0.90118387
0.31459015 0.90103304
0.31482997 0.90088209
0.31506979 0.90073103
0.31530962 0.90057985
0.31554944 0.90042855
0.31578926 0.90027714
0.31602908 0.90012562
0.31626890 0.89997398
0.31650872 0.89982223
0.31674854 0.89967036
0.31698837 0.89951838
0.31722819 0.89936628
0.31746801 0.89921406
0.31770783 0.89906173
0.31794765 0.89890929
0.31818747 0.89875673
0.31842729 0.89860406
0.31866712 0.89845127
0.31890694 0.89829837
0.31914676 0.89814535
0.31938658 0.89799221
0.31962640 0.89783896
0.31986622 0.89768560
0.32010605 0.89753212
0.32034587 0.89737853
0.32058569 0.89722482
0.32082551 0.89707099
0.32106533 0.89691705
0.32130515 0.89676300
0.32154497 0.89660883
0.32178480 0.89645455
0.32202462 0.89630015
0.32226444 0.89614563
0.32250426 0.89599100
0.32274408 0.89583626
0.32298390 0.89568140
0.32322372 0.89552642
0.32346355 0.89537133
0.32370337 0.89521613
0.32394319 0.89506081
0.32418301 0.89490538
0.32442283 0.89474983
0.32466265 0.89459416
0.32490248 0.89443838
0.32514230 0.89428249
0.32538212 0.89412648
0.32562194 0.89397035
0.32586176 0.89381411
0.32610158 0.89365776
0.32634140 0.89350129
0.32658123 0.89334470
0.32682105 0.89318800
0.32706087 0.89303119
0.32730069 0.89287426
0.32754051 0.89271721
0.32778033 0.89256005
0.32802015 0.89240278
0.32825998 0.89224539
0.32849980 0.89208788
0.32873962 0.89193026
0.32897944 0.89177253
0.32921926 0.89161468
0.32945908 0.89145671
0.32969891 0.89129863
0.32993873 0.89114044
0.33017855 0.89098213
0.33041837 0.89082370
0.33065819 0.89066516
0.33089801 0.89050651
0.33113783 0.89034773
0.33137766 0.89018885
0.33161748 0.89002985
0.33185730 0.88987073
0.33209712 0.88971150
0.33233694 0.88955216
0.33257676 0.88939270
0.33281658 0.88923312
0.33305641 0.88907343
0.33329623 0.88891362
0.33353605 0.88875370
0.33377587 0.88859367
0.33401569 0.88843352
0.33425551 0.88827325
0.33449534 0.88811287
0.33473516 0.88795237
0.33497498 0.88779176
0.33521480 0.88763104
0.33545462 0.88747020
0.33569444 0.88730924
0.33593426 0.88714817
0.33617409 0.88698698
0.33641391 0.88682568
0.33665373 0.88666427
0.33689355 0.88650274
0.33713337 0.88634109
0.33737319 0.88617933
0.33761301 0.88601745
0.33785284 0.88585546
0.33809266 0.88569335
0.33833248 0.88553113
0.33857230 0.88536880
0.33881212 0.88520635
0.33905194 0.88504378
0.33929177 0.88488110
0.33953159 0.88471830
0.33977141 0.88455539
0.34001123 0.88439236
0.34025105 0.88422922
0.34049087 0.88406597
0.34073069 0.88390259
0.34097052 0.88373911
0.34121034 0.88357551
0.34145016 0.88341179
0.34168998 0.88324796
0.34192980 0.88308401
0.34216962 0.88291995
0.34240944 0.88275577
0.34264927 0.88259148
0.34288909 0.88242707
0.34312891 0.88226255
0.34336873 0.88209791
0.34360855 0.88193316
0.34384837 0.88176830
0.34408820 0.88160331
0.34432802 0.88143822
0.34456784 0.88127300
0.34480766 0.88110768
0.34504748 0.88094224
0.34528730 0.88077668
0.34552712 0.88061101
0.34576695 0.88044522
0.34600677 0.88027932
0.34624659 0.88011330
0.34648641 0.87994717
0.34672623 0.87978092
0.34696605 0.87961456
0.34720587 0.87944808
0.34744570 0.87928149
0.34768552 0.87911478
0.34792534 0.87894796
0.34816516 0.87878102
0.34840498 0.87861397
0.34864480 0.87844680
0.34888463 0.87827952
0.34912445 0.87811212
0.34936427 0.87794461
0.34960409 0.87777698
0.34984391 0.87760924
0.35008373 0.87744138
0.35032355 0.87727341
0.35056338 0.87710532
0.35080320 0.87693712
0.35104302 0.87676880
0.35128284 0.87660037
0.35152266 0.87643182
0.35176248 0.87626316
0.35200230 0.87609438
0.35224213 0.87592548
0.35248195 0.87575648
0.35272177 0.87558735
0.35296159 0.87541812
0.35320141 0.87524876
0.35344123 0.87507929
0.35368106 0.87490971
0.35392088 0.87474001
0.35416070 0.87457020
0.35440052 0.87440027
0.35464034 0.87423023
0.35488016 0.87406007
0.35511998 0.87388980
0.35535981 0.87371941
0.35559963 0.87354891
0.35583945 0.87337829
0.35607927 0.87320755
0.35631909 0.87303670
0.35655891 0.87286574
0.35679873 0.87269466
0.35703856 0.87252347
0.35727838 0.87235216
0.35751820 0.87218074
0.35775802 0.87200920
0.35799784 0.87183754
0.35823766 0.87166578
0.35847749 0.87149389
0.35871731 0.87132189
0.35895713 0.87114978
0.35919695 0.87097755
0.35943677 0.87080521
0.35967659 0.87063275
0.35991641 0.87046017
0.36015624 0.87028749
0.36039606 0.87011468
0.36063588 0.86994176
0.36087570 0.86976873
0.36111552 0.86959558
0.36135534 0.86942232
0.36159516 0.86924894
0.36183499 0.86907544
0.36207481 0.86890183
0.36231463 0.86872811
0.36255445 0.86855427
0.36279427 0.86838032
0.36303409 0.86820625
0.36327392 0.86803206
0.36351374 0.86785776
0.36375356 0.86768335
0.36399338 0.86750882
0.36423320 0.86733418
0.36447302 0.86715942
0.36471284 0.86698454
0.36495267 0.86680955
0.36519249 0.86663445
0.36543231 0.86645923
0.36567213 0.86628389
0.36591195 0.86610844
0.36615177 0.86593288
0.36639159 0.86575720
0.36663142 0.86558140
0.36687124 0.86540549
0.36711106 0.86522947
0.36735088 0.86505333
0.36759070 0.86487708
0.36783052 0.86470071
0.36807035 0.86452422
0.36831017 0.86434762
0.36854999 0.86417091
0.36878981 0.86399408
0.36902963 0.86381713
0.36926945 0.86364007
0.36950927 0.86346290
0.36974910 0.86328561
0.36998892 0.86310820
0.37022874 0.86293068
0.37046856 0.86275305
0.37070838 0.86257530
0.37094820 0.86239743
0.37118802 0.86221945
0.37142785 0.86204135
0.37166767 0.86186314
0.37190749 0.86168482
0.37214731 0.86150638
0.37238713 0.86132782
0.37262695 0.86114915
0.37286678 0.86097037
0.37310660 0.86079147
0.37334642 0.86061245
0.37358624 0.86043332
0.37382606 0.86025408
0.37406588 0.86007472
0.37430570 0.85989524
0.37454553 0.85971565
0.37478535 0.85953594
0.37502517 0.85935612
0.37526499 0.85917619
0.37550481 0.85899614
0.37574463 0.85881597
0.37598445 0.85863569
0.37622428 0.85845529
0.37646410 0.85827478
0.37670392 0.85809416
0.37694374 0.85791342
0.37718356 0.85773256
0.37742338 0.85755159
0.37766321 0.85737050
0.37790303 0.85718930
0.37814285 0.85700799
0.37838267 0.85682656
0.37862249 0.85664501
0.37886231 0.85646335
0.37910213 0.85628157
0.37934196 0.85609968
0.37958178 0.85591767
0.37982160 0.85573555
0.38006142 0.85555332
0.38030124 0.85537097
0.38054106 0.85518850
0.38078088 0.85500592
0.38102071 0.85482322
0.38126053 0.85464041
0.38150035 0.85445748
0.38174017 0.85427444
0.38197999 0.85409129
0.38221981 0.85390801
0.38245964 0.85372463
0.38269946 0.85354113
0.38293928 0.85335751
0.38317910 0.85317378
0.38341892 0.85298993
0.38365874 0.85280597
0.38389856 0.85262189
0.38413839 0.85243770
0.38437821 0.85225339
0.38461803 0.85206897
0.38485785 0.85188443
0.38509767 0.85169978
0.38533749 0.85151502
0.38557731 0.85133013
0.38581714 0.85114514
0.38605696 0.85096003
0.38629678 0.85077480
0.38653660 0.85058946
0.38677642 0.85040400
0.38701624 0.85021843
0.38725607 0.85003274
0.38749589 0.84984694
0.38773571 0.84966102
0.38797553 0.84947499
0.38821535 0.84928884
0.38845517 0.84910258
0.38869499 0.84891620
0.38893482 0.84872971
0.38917464 0.84854310
0.38941446 0.84835638
0.38965428 0.84816954
0.38989410 0.84798259
0.39013392 0.84779552
0.39037374 0.84760834
0.39061357 0.84742104
0.39085339 0.84723363
0.39109321 0.84704610
0.39133303 0.84685846
0.39157285 0.84667070
0.39181267 0.84648283
0.39205250 0.84629484
0.39229232 0.84610674
0.39253214 0.84591852
0.39277196 0.84573019
0.39301178 0.84554174
0.39325160 0.84535318
0.39349142 0.84516450
0.39373125 0.84497571
0.39397107 0.84478680
0.39421089 0.84459778
0.39445071 0.84440864
0.39469053 0.84421938
0.39493035 0.84403002
0.39517017 0.84384053
0.39541000 0.84365093
0.39564982 0.84346122
0.39588964 0.84327139
0.39612946 0.84308145
0.39636928 0.84289139
0.39660910 0.84270122
0.39684893 0.84251093
0.39708875 0.84232053
0.39732857 0.84213001
0.39756839 0.84193938
0.39780821 0.84174863
0.39804803 0.84155776
0.39828785 0.84136678
0.39852768 0.84117569
0.39876750 0.84098448
0.39900732 0.84079316
0.39924714 0.84060172
0.39948696 0.84041017
0.39972678 0.84021850
0.39996660 0.84002671
0.40020643 0.83983482
0.40044625 0.83964280
0.40068607 0.83945067
0.40092589 0.83925843
0.40116571 0.83906607
0.40140553 0.83887360
0.40164536 0.83868101
0.40188518 0.83848830
0.40212500 0.83829549
0.40236482 0.83810255
0.40260464 0.83790950
0.40284446 0.83771634
0.40308428 0.83752306
0.40332411 0.83732967
0.40356393 0.83713616
0.40380375 0.83694253
0.40404357 0.83674879
0.40428339 0.83655494
0.40452321 0.83636097
0.40476304 0.83616689
0.40500286 0.83597269
0.40524268 0.83577837
0.40548250 0.83558394
0.40572232 0.83538940
0.40596214 0.83519474
0.40620196 0.83499996
0.40644179 0.83480507
0.40668161 0.83461007
0.40692143 0.83441495
0.40716125 0.83421972
0.40740107 0.83402437
0.40764089 0.83382890
0.40788071 0.83363332
0.40812054 0.83343763
0.40836036 0.83324182
0.40860018 0.83304589
0.40884000 0.83284985
0.40907982 0.83265370
0.40931964 0.83245743
0.40955947 0.83226104
0.40979929 0.83206454
0.41003911 0.83186793
0.41027893 0.83167120
0.41051875 0.83147436
0.41075857 0.83127740
0.41099839 0.83108032
0.41123822 0.83088313
0.41147804 0.83068583
0.41171786 0.83048840
0.41195768 0.83029087
0.41219750 0.83009322
0.41243732 0.82989545
0.41267714 0.82969757
0.41291697 0.82949958
0.41315679 0.82930147
0.41339661 0.82910324
0.41363643 0.82890490
0.41387625 0.82870645
0.41411607 0.82850788
0.41435590 0.82830919
0.41459572 0.82811039
0.41483554 0.82791148
0.41507536 0.82771245
0.41531518 0.82751330
0.41555500 0.82731404
0.41579482 0.82711466
0.41603465 0.82691517
0.41627447 0.82671557
0.41651429 0.82651585
0.41675411 0.82631601
0.41699393 0.82611606
0.41723375 0.82591600
0.41747357 0.82571581
0.41771340 0.82551552
0.41795322 0.82531511
0.41819304 0.82511458
0.41843286 0.82491394
0.41867268 0.82471319
0.41891250 0.82451231
0.41915233 0.82431133
0.41939215 0.82411023
0.41963197 0.82390901
0.41987179 0.82370768
0.42011161 0.82350623
0.42035143 0.82330467
0.42059125 0.82310300
0.42083108 0.82290121
0.42107090 0.82269930
0.42131072 0.82249728
0.42155054 0.82229514
0.42179036 0.82209289
0.42203018 0.82189052
0.42227000 0.82168804
0.42250983 0.82148545
0.42274965 0.82128274
0.42298947 0.82107991
0.42322929 0.82087697
0.42346911 0.82067391
0.42370893 0.82047074
0.42394876 0.82026745
0.42418858 0.82006405
0.42442840 0.81986053
0.42466822 0.81965690
0.42490804 0.81945316
0.42514786 0.81924929
0.42538768 0.81904532
0.42562751 0.81884123
0.42586733 0.81863702
0.42610715 0.81843270
0.42634697 0.81822826
0.42658679 0.81802371
0.42682661 0.81781904
0.42706643 0.81761426
0.42730626 0.81740936
0.42754608 0.81720435
0.42778590 0.81699922
0.42802572 0.81679398
0.42826554 0.81658863
0.42850536 0.81638315
0.42874519 0.81617757
0.42898501 0.81597186
0.42922483 0.81576605
0.42946465 0.81556011
0.42970447 0.81535407
0.42994429 0.81514791
0.43018411 0.81494163
0.43042394 0.81473524
0.43066376 0.81452873
0.43090358 0.81432211
0.43114340 0.81411537
0.43138322 0.81390852
0.43162304 0.81370155
0.43186286 0.81349447
0.43210269 0.81328727
0.43234251 0.81307996
0.43258233 0.81287253
0.43282215 0.81266499
0.43306197 0.81245733
0.43330179 0.81224956
0.43354162 0.81204167
0.43378144 0.81183367
0.43402126 0.81162555
0.43426108 0.81141731
0.43450090 0.81120897
0.43474072 0.81100050
0.43498054 0.81079193
0.43522037 0.81058323
0.43546019 0.81037443
0.43570001 0.81016550
0.43593983 0.80995646
0.43617965 0.80974731
0.43641947 0.80953804
0.43665929 0.80932866
0.43689912 0.80911916
0.43713894 0.80890955
0.43737876 0.80869982
0.43761858 0.80848998
0.43785840 0.80828002
0.43809822 0.80806995
0.43833805 0.80785976
0.43857787 0.80764945
0.43881769 0.80743904
0.43905751 0.80722850
0.43929733 0.80701785
0.43953715 0.80680709
0.43977697 0.80659621
0.44001680 0.80638522
0.44025662 0.80617411
0.44049644 0.80596289
0.44073626 0.80575155
0.44097608 0.80554010
0.44121590 0.80532853
0.44145572 0.80511684
0.44169555 0.80490504
0.44193537 0.80469313
0.44217519 0.80448110
0.44241501 0.80426896
0.44265483 0.80405670
0.44289465 0.80384433
0.44313448 0.80363184
0.44337430 0.80341923
0.44361412 0.80320651
0.44385394 0.80299368
0.44409376 0.80278073
0.44433358 0.80256767
0.44457340 0.80235449
0.44481323 0.80214119
0.44505305 0.80192779
0.44529287 0.80171426
0.44553269 0.80150062
0.44577251 0.80128687
0.44601233 0.80107300
0.44625215 0.80085901
0.44649198 0.80064492
0.44673180 0.80043070
0.44697162 0.80021637
0.44721144 0.80000193
0.44745126 0.79978737
0.44769108 0.79957269
0.44793091 0.79935790
0.44817073 0.79914300
0.44841055 0.79892798
0.44865037 0.79871285
0.44889019 0.79849760
0.44913001 0.79828223
0.44936983 0.79806675
0.44960966 0.79785116
0.44984948 0.79763545
0.45008930 0.79741962
0.45032912 0.79720368
0.45056894 0.79698763
0.45080876 0.79677146
0.45104858 0.79655517
0.45128841 0.79633877
0.45152823 0.79612226
0.45176805 0.79590563
0.45200787 0.79568888
0.45224769 0.79547202
0.45248751 0.79525505
0.45272734 0.79503796
0.45296716 0.79482075
0.45320698 0.79460343
0.45344680 0.79438600
0.45368662 0.79416845
0.45392644 0.79395078
0.45416626 0.79373300
0.45440609 0.79351511
0.45464591 0.79329710
0.45488573 0.79307897
0.45512555 0.79286073
0.45536537 0.79264238
0.45560519 0.79242391
0.45584501 0.79220532
0.45608484 0.79198662
0.45632466 0.79176781
0.45656448 0.79154888
0.45680430 0.79132983
0.45704412 0.79111067
0.45728394 0.79089139
0.45752377 0.79067200
0.45776359 0.79045250
0.45800341 0.79023288
0.45824323 0.79001314
0.45848305 0.78979329
0.45872287 0.78957333
0.45896269 0.78935325
0.45920252 0.78913305
0.45944234 0.78891274
0.45968216 0.78869231
0.45992198 0.78847177
0.46016180 0.78825112
0.46040162 0.78803035
0.46064144 0.78780946
0.46088127 0.78758846
0.46112109 0.78736734
0.46136091 0.78714611
0.46160073 0.78692477
0.46184055 0.78670330
0.46208037 0.78648173
0.46232020 0.78626004
0.46256002 0.78603823
0.46279984 0.78581631
0.46303966 0.78559427
0.46327948 0.78537212
0.46351930 0.78514986
0.46375912 0.78492747
0.46399895 0.78470498
0.46423877 0.78448237
0.46447859 0.78425964
0.46471841 0.78403680
0.46495823 0.78381384
0.46519805 0.78359077
0.46543787 0.78336758
0.46567770 0.78314428
0.46591752 0.78292087
0.46615734 0.78269734
0.46639716 0.78247369
0.46663698 0.78224993
0.46687680 0.78202605
0.46711663 0.78180206
0.46735645 0.78157795
0.46759627 0.78135373
0.46783609 0.78112939
0.46807591 0.78090494
0.46831573 0.78068037
0.46855555 0.78045569
0.46879538 0.78023090
0.46903520 0.78000598
0.46927502 0.77978096
0.46951484 0.77955581
0.46975466 0.77933056
0.46999448 0.77910519
0.47023430 0.77887970
0.47047413 0.77865410
0.47071395 0.77842838
0.47095377 0.77820255
0.47119359 0.77797660
0.47143341 0.77775054
0.47167323 0.77752436
0.47191306 0.77729807
0.47215288 0.77707166
0.47239270 0.77684514
0.47263252 0.77661850
0.47287234 0.77639175
0.47311216 0.77616488
0.47335198 0.77593790
0.47359181 0.77571080
0.47383163 0.77548359
0.47407145 0.77525626
0.47431127 0.77502882
0.47455109 0.77480126
0.47479091 0.77457359
0.47503073 0.77434580
0.47527056 0.77411790
0.47551038 0.77388988
0.47575020 0.77366175
0.47599002 0.77343350
0.47622984 0.77320514
0.47646966 0.77297666
0.47670949 0.77274807
0.47694931 0.77251936
0.47718913 0.77229054
0.47742895 0.77206160
0.47766877 0.77183254
0.47790859 0.77160338
0.47814841 0.77137409
0.47838824 0.77114470
0.47862806 0.77091518
0.47886788 0.77068555
0.47910770 0.77045581
0.47934752 0.77022595
0.47958734 0.76999598
0.47982716 0.76976589
0.48006699 0.76953569
0.48030681 0.76930537
0.48054663 0.76907494
0.48078645 0.76884439
0.48102627 0.76861373
0.48126609 0.76838295
0.48150592 0.76815205
0.48174574 0.76792105
0.48198556 0.76768992
0.48222538 0.76745868
0.48246520 0.76722733
0.48270502 0.76699586
0.48294484 0.76676428
0.48318467 0.76653258
0.48342449 0.76630077
0.48366431 0.76606884
0.48390413 0.76583679
0.48414395 0.76560463
0.48438377 0.76537236
0.48462359 0.76513997
0.48486342 0.76490747
0.48510324 0.76467485
0.48534306 0.76444211
0.48558288 0.76420927
0.48582270 0.76397630
0.48606252 0.76374322
0.48630235 0.76351003
0.48654217 0.76327672
0.48678199 0.76304330
0.48702181 0.76280976
0.48726163 0.76257610
0.48750145 0.76234233
0.48774127 0.76210845
0.48798110 0.76187445
0.48822092 0.76164034
0.48846074 0.76140611
0.48870056 0.76117176
0.48894038 0.76093730
0.48918020 0.76070273
0.48942002 0.76046804
0.48965985 0.76023323
0.48989967 0.75999832
0.49013949 0.75976328
0.49037931 0.75952813
0.49061913 0.75929287
0.49085895 0.75905749
0.49109878 0.75882199
0.49133860 0.75858638
0.49157842 0.75835066
0.49181824 0.75811482
0.49205806 0.75787886
0.49229788 0.75764279
0.49253770 0.75740661
0.49277753 0.75717031
0.49301735 0.75693390
0.49325717 0.75669737
0.49349699 0.75646072
0.49373681 0.75622396
0.49397663 0.75598709
0.49421645 0.75575010
0.49445628 0.75551299
0.49469610 0.75527577
0.49493592 0.75503844
0.49517574 0.75480099
0.49541556 0.75456342
0.49565538 0.75432574
0.49589521 0.75408795
0.49613503 0.75385004
0.49637485 0.75361201
0.49661467 0.75337387
0.49685449 0.75313561
0.49709431 0.75289724
0.49733413 0.75265876
0.49757396 0.75242016
0.49781378 0.75218144
0.49805360 0.75194261
0.49829342 0.75170367
0.49853324 0.75146461
0.49877306 0.75122543
0.49901288 0.75098614
0.49925271 0.75074674
0.49949253 0.75050721
0.49973235 0.75026758
0.49997217 0.75002783
0.50021199 0.74978796
0.50045181 0.74954798
0.50069164 0.74930789
0.50093146 0.74906768
0.50117128 0.74882735
0.50141110 0.74858691
0.50165092 0.74834635
0.50189074 0.74810568
0.50213056 0.74786490
0.50237039 0.74762400
0.50261021 0.74738298
0.50285003 0.74714185
0.50308985 0.74690060
0.50332967 0.74665924
0.50356949 0.74641777
0.50380931 0.74617617
0.50404914 0.74593447
0.50428896 0.74569265
0.50452878 0.74545071
0.50476860 0.74520866
0.50500842 0.74496649
0.50524824 0.74472421
0.50548807 0.74448182
0.50572789 0.74423930
0.50596771 0.74399668
0.50620753 0.74375394
0.50644735 0.74351108
0.50668717 0.74326811
0.50692699 0.74302502
0.50716682 0.74278182
0.50740664 0.74253850
0.50764646 0.74229507
0.50788628 0.74205153
0.50812610 0.74180786
0.50836592 0.74156409
0.50860574 0.74132020
0.50884557 0.74107619
0.50908539 0.74083207
0.50932521 0.74058783
0.50956503 0.74034348
0.50980485 0.74009901
0.51004467 0.73985443
0.51028450 0.73960973
0.51052432 0.73936492
0.51076414 0.73911999
0.51100396 0.73887495
0.51124378 0.73862980
0.51148360 0.73838452
0.51172342 0.73813914
0.51196325 0.73789363
0.51220307 0.73764802
0.51244289 0.73740229
0.51268271 0.73715644
0.51292253 0.73691048
0.51316235 0.73666440
0.51340217 0.73641821
0.51364200 0.73617190
0.51388182 0.73592548
0.51412164 0.73567894
0.51436146 0.73543229
0.51460128 0.73518552
0.51484110 0.73493864
0.51508093 0.73469164
0.51532075 0.73444453
0.51556057 0.73419730
0.51580039 0.73394996
0.51604021 0.73370250
0.51628003 0.73345493
0.51651985 0.73320724
0.51675968 0.73295944
0.51699950 0.73271152
0.51723932 0.73246349
0.51747914 0.73221534
0.51771896 0.73196708
0.51795878 0.73171870
0.51819860 0.73147021
0.51843843 0.73122160
0.51867825 0.73097288
0.51891807 0.73072404
0.51915789 0.73047508
0.51939771 0.73022602
0.51963753 0.72997683
0.51987736 0.72972754
0.52011718 0.72947812
0.52035700 0.72922859
0.52059682 0.72897895
0.52083664 0.72872919
0.52107646 0.72847932
0.52131628 0.72822933
0.52155611 0.72797923
0.52179593 0.72772901
0.52203575 0.72747868
0.52227557 0.72722823
0.52251539 0.72697767
0.52275521 0.72672699
0.52299503 0.72647619
0.52323486 0.72622529
0.52347468 0.72597426
0.52371450 0.72572312
0.52395432 0.72547187
0.52419414 0.72522050
0.52443396 0.72496902
0.52467379 0.72471742
0.52491361 0.72446571
0.52515343 0.72421388
0.52539325 0.72396193
0.52563307 0.72370987
0.52587289 0.72345770
0.52611271 0.72320541
0.52635254 0.72295301
0.52659236 0.72270049
0.52683218 0.72244786
0.52707200 0.72219511
0.52731182 0.72194224
0.52755164 0.72168926
0.52779146 0.72143617
0.52803129 0.72118296
0.52827111 0.72092964
0.52851093 0.72067620
0.52875075 0.72042264
0.52899057 0.72016897
0.52923039 0.71991519
0.52947022 0.71966129
0.52971004 0.71940728
0.52994986 0.71915315
0.53018968 0.71889890
0.53042950 0.71864454
0.53066932 0.71839007
0.53090914 0.71813548
0.53114897 0.71788078
0.53138879 0.71762596
0.53162861 0.71737102
0.53186843 0.71711597
0.53210825 0.71686081
0.53234807 0.71660553
0.53258789 0.71635013
0.53282772 0.71609462
0.53306754 0.71583900
0.53330736 0.71558326
0.53354718 0.71532741
0.53378700 0.71507144
0.53402682 0.71481535
0.53426665 0.71455915
0.53450647 0.71430284
0.53474629 0.71404641
0.53498611 0.71378986
0.53522593 0.71353320
0.53546575 0.71327643
0.53570557 0.71301954
0.53594540 0.71276253
0.53618522 0.71250541
0.53642504 0.71224818
0.53666486 0.71199083
0.53690468 0.71173336
0.53714450 0.71147578
0.53738432 0.71121809
0.53762415 0.71096028
0.53786397 0.71070235
0.53810379 0.71044431
0.53834361 0.71018616
0.53858343 0.70992789
0.53882325 0.70966950
0.53906308 0.70941100
0.53930290 0.70915239
0.53954272 0.70889365
0.53978254 0.70863481
0.54002236 0.70837585
0.54026218 0.70811677
0.54050200 0.70785758
0.54074183 0.70759828
0.54098165 0.70733886
0.54122147 0.70707932
0.54146129 0.70681967
0.54170111 0.70655991
0.54194093 0.70630002
0.54218075 0.70604003
0.54242058 0.70577992
0.54266040 0.70551969
0.54290022 0.70525935
0.54314004 0.70499890
0.54337986 0.70473833
0.54361968 0.70447764
0.54385951 0.70421684
0.54409933 0.70395592
0.54433915 0.70369489
0.54457897 0.70343375
0.54481879 0.70317248
0.54505861 0.70291111
0.54529843 0.70264962
0.54553826 0.70238801
0.54577808 0.70212629
0.54601790 0.70186445
0.54625772 0.70160250
0.54649754 0.70134044
0.54673736 0.70107826
0.54697718 0.70081596
0.54721701 0.70055355
0.54745683 0.70029102
0.54769665 0.70002838
0.54793647 0.69976562
0.54817629 0.69950275
0.54841611 0.69923977
0.54865594 0.69897666
0.54889576 0.69871345
0.54913558 0.69845012
0.54937540 0.69818667
0.54961522 0.69792311
0.54985504 0.69765943
0.55009486 0.69739564
0.55033469 0.69713173
0.55057451 0.69686771
0.55081433 0.69660357
0.55105415 0.69633932
0.55129397 0.69607496
0.55153379 0.69581047
0.55177362 0.69554588
0.55201344 0.69528117
0.55225326 0.69501634
0.55249308 0.69475140
0.55273290 0.69448634
0.55297272 0.69422117
0.55321254 0.69395588
0.55345237 0.69369048
0.55369219 0.69342496
0.55393201 0.69315933
0.55417183 0.69289358
0.55441165 0.69262772
0.55465147 0.69236174
0.55489129 0.69209565
0.55513112 0.69182944
0.55537094 0.69156312
0.55561076 0.69129668
0.55585058 0.69103013
0.55609040 0.69076346
0.55633022 0.69049668
0.55657005 0.69022978
0.55680987 0.68996277
0.55704969 0.68969565
0.55728951 0.68942840
0.55752933 0.68916105
0.55776915 0.68889357
0.55800897 0.68862598
0.55824880 0.68835828
0.55848862 0.68809046
0.55872844 0.68782253
0.55896826 0.68755448
0.55920808 0.68728632
0.55944790 0.68701804
0.55968772 0.68674965
0.55992755 0.68648114
0.56016737 0.68621252
0.56040719 0.68594378
0.56064701 0.68567493
0.56088683 0.68540596
0.56112665 0.68513688
0.56136648 0.68486768
0.56160630 0.68459837
0.56184612 0.68432894
0.56208594 0.68405940
0.56232576 0.68378974
0.56256558 0.68351997
0.56280540 0.68325008
0.56304523 0.68298007
0.56328505 0.68270996
0.56352487 0.68243972
0.56376469 0.68216937
0.56400451 0.68189891
0.56424433 0.68162833
0.56448415 0.68135764
0.56472398 0.68108683
0.56496380 0.68081591
0.56520362 0.68054487
0.56544344 0.68027372
0.56568326 0.68000245
0.56592308 0.67973106
0.56616291 0.67945956
0.56640273 0.67918795
0.56664255 0.67891622
0.56688237 0.67864438
0.56712219 0.67837242
0.56736201 0.67810035
0.56760183 0.67782816
0.56784166 0.67755585
0.56808148 0.67728344
0.56832130 0.67701090
0.56856112 0.67673825
0.56880094 0.67646549
0.56904076 0.67619261
0.56928058 0.67591962
0.56952041 0.67564651
0.56976023 0.67537328
0.57000005 0.67509994
0.57023987 0.67482649
0.57047969 0.67455292
0.57071951 0.67427924
0.57095934 0.67400544
0.57119916 0.67373152
0.57143898 0.67345749
0.57167880 0.67318335
0.57191862 0.67290909
0.57215844 0.67263472
0.57239826 0.67236023
0.57263809 0.67208562
0.57287791 0.67181090
0.57311773 0.67153607
0.57335755 0.67126112
0.57359737 0.67098606
0.57383719 0.67071088
0.57407701 0.67043558
0.57431684 0.67016017
0.57455666 0.66988465
0.57479648 0.66960901
0.57503630 0.66933325
0.57527612 0.66905738
0.57551594 0.66878140
0.57575577 0.66850530
0.57599559 0.66822908
0.57623541 0.66795275
0.57647523 0.66767631
0.57671505 0.66739975
0.57695487 0.66712307
0.57719469 0.66684629
0.57743452 0.66656938
0.57767434 0.66629236
0.57791416 0.66601523
0.57815398 0.66573798
0.57839380 0.66546061
0.57863362 0.66518313
0.57887344 0.66490554
0.57911327 0.66462783
0.57935309 0.66435000
0.57959291 0.66407206
0.57983273 0.66379400
0.58007255 0.66351583
0.58031237 0.66323755
0.58055220 0.66295915
0.58079202 0.66268063
0.58103184 0.66240200
0.58127166 0.66212326
0.58151148 0.66184440
0.58175130 0.66156542
0.58199112 0.66128633
0.58223095 0.66100713
0.58247077 0.66072781
0.58271059 0.66044837
0.58295041 0.66016882
0.58319023 0.65988915
0.58343005 0.65960937
0.58366987 0.65932948
0.58390970 0.65904947
0.58414952 0.65876934
0.58438934 0.65848910
0.58462916 0.65820874
0.58486898 0.65792827
0.58510880 0.65764769
0.58534863 0.65736699
0.58558845 0.65708617
0.58582827 0.65680524
0.58606809 0.65652419
0.58630791 0.65624303
0.58654773 0.65596176
0.58678755 0.65568037
0.58702738 0.65539886
0.58726720 0.65511724
0.58750702 0.65483550
0.58774684 0.65455365
0.58798666 0.65427169
0.58822648 0.65398960
0.58846630 0.65370741
0.58870613 0.65342510
0.58894595 0.65314267
0.58918577 0.65286013
0.58942559 0.65257747
0.58966541 0.65229470
0.58990523 0.65201182
0.59014506 0.65172881
0.59038488 0.65144570
0.59062470 0.65116247
0.59086452 0.65087912
0.59110434 0.65059566
0.59134416 0.65031208
0.59158398 0.65002839
0.59182381 0.64974458
0.59206363 0.64946066
0.59230345 0.64917662
0.59254327 0.64889247
0.59278309 0.64860821
0.59302291 0.64832382
0.59326273 0.64803933
0.59350256 0.64775472
0.59374238 0.64746999
0.59398220 0.64718515
0.59422202 0.64690019
0.59446184 0.64661512
0.59470166 0.64632993
0.59494149 0.64604463
0.59518131 0.64575921
0.59542113 0.64547368
0.59566095 0.64518803
0.59590077 0.64490227
0.59614059 0.64461639
0.59638041 0.64433040
0.59662024 0.64404429
0.59686006 0.64375807
0.59709988 0.64347173
0.59733970 0.64318528
0.59757952 0.64289872
0.59781934 0.64261203
0.59805916 0.64232524
0.59829899 0.64203832
0.59853881 0.64175130
0.59877863 0.64146415
0.59901845 0.64117690
0.59925827 0.64088952
0.59949809 0.64060204
0.59973792 0.64031443
0.59997774 0.64002672
0.60021756 0.63973888
0.60045738 0.63945094
0.60069720 0.63916287
0.60093702 0.63887469
0.60117684 0.63858640
0.60141667 0.63829799
0.60165649 0.63800947
0.60189631 0.63772083
0.60213613 0.63743208
0.60237595 0.63714321
0.60261577 0.63685423
0.60285559 0.63656513
0.60309542 0.63627592
0.60333524 0.63598659
0.60357506 0.63569715
0.60381488 0.63540759
0.60405470 0.63511792
0.60429452 0.63482813
0.60453435 0.63453823
0.60477417 0.63424821
0.60501399 0.63395807
0.60525381 0.63366783
0.60549363 0.63337746
0.60573345 0.63308698
0.60597327 0.63279639
0.60621310 0.63250568
0.60645292 0.63221486
0.60669274 0.63192392
0.60693256 0.63163287
0.60717238 0.63134170
0.60741220 0.63105042
0.60765202 0.63075902
0.60789185 0.63046750
0.60813167 0.63017587
0.60837149 0.62988413
0.60861131 0.62959227
0.60885113 0.62930030
0.60909095 0.62900821
0.60933078 0.62871601
0.60957060 0.62842369
0.60981042 0.62813125
0.61005024 0.62783871
0.61029006 0.62754604
0.61052988 0.62725326
0.61076970 0.62696037
0.61100953 0.62666736
0.61124935 0.62637424
0.61148917 0.62608100
0.61172899 0.62578764
0.61196881 0.62549417
0.61220863 0.62520059
0.61244845 0.62490689
0.61268828 0.62461308
0.61292810 0.62431915
0.61316792 0.62402510
0.61340774 0.62373094
0.61364756 0.62343667
0.61388738 0.62314228
0.61412721 0.62284778
0.61436703 0.62255316
0.61460685 0.62225842
0.61484667 0.62196357
0.61508649 0.62166861
0.61532631 0.62137353
0.61556613 0.62107833
0.61580596 0.62078302
0.61604578 0.62048760
0.61628560 0.62019206
0.61652542 0.61989641
0.61676524 0.61960064
0.61700506 0.61930475
0.61724488 0.61900875
0.61748471 0.61871264
0.61772453 0.61841641
0.61796435 0.61812006
0.61820417 0.61782360
0.61844399 0.61752703
0.61868381 0.61723034
0.61892364 0.61693353
0.61916346 0.61663661
0.61940328 0.61633958
0.61964310 0.61604243
0.61988292 0.61574516
0.62012274 0.61544778
0.62036256 0.61515029
0.62060239 0.61485268
0.62084221 0.61455495
0.62108203 0.61425711
0.62132185 0.61395916
0.62156167 0.61366109
0.62180149 0.61336290
0.62204131 0.61306460
0.62228114 0.61276619
0.62252096 0.61246766
0.62276078 0.61216901
0.62300060 0.61187025
0.62324042 0.61157138
0.62348024 0.61127239
0.62372007 0.61097328
0.62395989 0.61067406
0.62419971 0.61037472
0.62443953 0.61007527
0.62467935 0.60977571
0.62491917 0.60947603
0.62515899 0.60917623
0.62539882 0.60887632
0.62563864 0.60857630
0.62587846 0.60827615
0.62611828 0.60797590
0.62635810 0.60767553
0.62659792 0.60737504
0.62683774 0.60707444
0.62707757 0.60677373
0.62731739 0.60647290
0.62755721 0.60617195
0.62779703 0.60587089
0.62803685 0.60556971
0.62827667 0.60526842
0.62851650 0.60496702
0.62875632 0.60466549
0.62899614 0.60436386
0.62923596 0.60406211
0.62947578 0.60376024
0.62971560 0.60345826
0.62995542 0.60315616
0.63019525 0.60285395
0.63043507 0.60255163
0.63067489 0.60224918
0.63091471 0.60194663
0.63115453 0.60164396
0.63139435 0.60134117
0.63163417 0.60103827
0.63187400 0.60073525
0.63211382 0.60043212
0.63235364 0.60012887
0.63259346 0.59982551
0.63283328 0.59952204
0.63307310 0.59921845
0.63331293 0.59891474
0.63355275 0.59861092
0.63379257 0.59830698
0.63403239 0.59800293
0.63427221 0.59769876
0.63451203 0.59739448
0.63475185 0.59709008
0.63499168 0.59678557
0.63523150 0.59648094
0.63547132 0.59617620
0.63571114 0.59587135
0.63595096 0.59556637
0.63619078 0.59526129
0.63643060 0.59495609
0.63667043 0.59465077
0.63691025 0.59434534
0.63715007 0.59403979
0.63738989 0.59373413
0.63762971 0.59342835
0.63786953 0.59312246
0.63810936 0.59281645
0.63834918 0.59251033
0.63858900 0.59220409
0.63882882 0.59189774
0.63906864 0.59159127
0.63930846 0.59128469
0.63954828 0.59097799
0.63978811 0.59067118
0.64002793 0.59036425
0.64026775 0.59005721
0.64050757 0.58975005
0.64074739 0.58944278
0.64098721 0.58913539
0.64122703 0.58882789
0.64146686 0.58852027
0.64170668 0.58821254
0.64194650 0.58790469
0.64218632 0.58759673
0.64242614 0.58728865
0.64266596 0.58698046
0.64290579 0.58667215
0.64314561 0.58636373
0.64338543 0.58605519
0.64362525 0.58574654
0.64386507 0.58543777
0.64410489 0.58512889
0.64434471 0.58481989
0.64458454 0.58451078
0.64482436 0.58420155
0.64506418 0.58389221
0.64530400 0.58358275
0.64554382 0.58327317
0.64578364 0.58296349
0.64602346 0.58265368
0.64626329 0.58234376
0.64650311 0.58203373
0.64674293 0.58172358
0.64698275 0.58141332
0.64722257 0.58110294
0.64746239 0.58079245
0.64770222 0.58048184
0.64794204 0.58017112
0.64818186 0.57986028
0.64842168 0.57954933
0.64866150 0.57923826
0.64890132 0.57892707
0.64914114 0.57861577
0.64938097 0.57830436
0.64962079 0.57799283
0.64986061 0.57768119
0.65010043 0.57736943
0.65034025 0.57705756
0.65058007 0.57674557
0.65081989 0.57643346
0.65105972 0.57612125
0.65129954 0.57580891
0.65153936 0.57549646
0.65177918 0.57518390
0.65201900 0.57487122
0.65225882 0.57455843
0.65249865 0.57424552
0.65273847 0.57393249
0.65297829 0.57361935
0.65321811 0.57330610
0.65345793 0.57299273
0.65369775 0.57267925
0.65393757 0.57236565
0.65417740 0.57205193
0.65441722 0.57173811
0.65465704 0.57142416
0.65489686 0.57111010
0.65513668 0.57079593
0.65537650 0.57048164
0.65561632 0.57016723
0.65585615 0.56985272
0.65609597 0.56953808
0.65633579 0.56922333
0.65657561 0.56890847
0.65681543 0.56859349
0.65705525 0.56827839
0.65729508 0.56796318
0.65753490 0.56764786
0.65777472 0.56733242
0.65801454 0.56701687
0.65825436 0.56670120
0.65849418 0.56638541
0.65873400 0.56606951
0.65897383 0.56575350
0.65921365 0.56543737
0.65945347 0.56512112
0.65969329 0.56480476
0.65993311 0.56448829
0.66017293 0.56417170
0.66041275 0.56385499
0.66065258 0.56353817
0.66089240 0.56322124
0.66113222 0.56290419
0.66137204 0.56258702
0.66161186 0.56226974
0.66185168 0.56195235
0.66209151 0.56163484
0.66233133 0.56131721
0.66257115 0.56099947
0.66281097 0.56068162
0.66305079 0.56036365
0.66329061 0.56004556
0.66353043 0.55972736
0.66377026 0.55940905
0.66401008 0.55909062
0.66424990 0.55877207
0.66448972 0.55845341
0.66472954 0.55813464
0.66496936 0.55781575
0.66520918 0.55749674
0.66544901 0.55717762
0.66568883 0.55685838
0.66592865 0.55653903
0.66616847 0.55621957
0.66640829 0.55589999
0.66664811 0.55558029
0.66688794 0.55526048
0.66712776 0.55494056
0.66736758 0.55462052
0.66760740 0.55430036
0.66784722 0.55398009
0.66808704 0.55365970
0.66832686 0.55333920
0.66856669 0.55301859
0.66880651 0.55269786
0.66904633 0.55237701
0.66928615 0.55205605
0.66952597 0.55173497
0.66976579 0.55141378
0.67000561 0.55109248
0.67024544 0.55077105
0.67048526 0.55044952
0.67072508 0.55012787
0.67096490 0.54980610
0.67120472 0.54948422
0.67144454 0.54916222
0.67168437 0.54884011
0.67192419 0.54851789
0.67216401 0.54819555
0.67240383 0.54787309
0.67264365 0.54755052
0.67288347 0.54722783
0.67312329 0.54690503
0.67336312 0.54658211
0.67360294 0.54625908
0.67384276 0.54593594
0.67408258 0.54561267
0.67432240 0.54528930
0.67456222 0.54496581
0.67480204 0.54464220
0.67504187 0.54431848
0.67528169 0.54399464
0.67552151 0.54367069
0.67576133 0.54334662
0.67600115 0.54302244
0.67624097 0.54269815
0.67648080 0.54237373
0.67672062 0.54204921
0.67696044 0.54172456
0.67720026 0.54139981
0.67744008 0.54107494
0.67767990 0.54074995
0.67791972 0.54042485
0.67815955 0.54009963
0.67839937 0.53977430
0.67863919 0.53944885
0.67887901 0.53912329
0.67911883 0.53879761
0.67935865 0.53847182
0.67959847 0.53814591
0.67983830 0.53781989
0.68007812 0.53749375
0.68031794 0.53716750
0.68055776 0.53684113
0.68079758 0.53651465
0.68103740 0.53618805
0.68127723 0.53586134
0.68151705 0.53553451
0.68175687 0.53520757
0.68199669 0.53488051
0.68223651 0.53455334
0.68247633 0.53422605
0.68271615 0.53389865
0.68295598 0.53357113
0.68319580 0.53324350
0.68343562 0.53291575
0.68367544 0.53258789
0.68391526 0.53225991
0.68415508 0.53193182
0.68439490 0.53160361
0.68463473 0.53127529
0.68487455 0.53094685
0.68511437 0.53061830
0.68535419 0.53028963
0.68559401 0.52996085
0.68583383 0.52963195
0.68607366 0.52930294
0.68631348 0.52897381
0.68655330 0.52864457
0.68679312 0.52831521
0.68703294 0.52798574
0.68727276 0.52765615
0.68751258 0.52732645
0.68775241 0.52699663
0.68799223 0.52666669
0.68823205 0.52633665
0.68847187 0.52600648
0.68871169 0.52567621
0.68895151 0.52534581
0.68919133 0.52501530
0.68943116 0.52468468
0.68967098 0.52435394
0.68991080 0.52402309
0.69015062 0.52369212
0.69039044 0.52336104
0.69063026 0.52302984
0.69087009 0.52269853
0.69110991 0.52236710
0.69134973 0.52203555
0.69158955 0.52170389
0.69182937 0.52137212
0.69206919 0.52104023
0.69230901 0.52070823
0.69254884 0.52037611
0.69278866 0.52004388
0.69302848 0.51971153
0.69326830 0.51937906
0.69350812 0.51904648
0.69374794 0.51871379
0.69398776 0.51838098
0.69422759 0.51804806
0.69446741 0.51771502
0.69470723 0.51738187
0.69494705 0.51704860
0.69518687 0.51671521
0.69542669 0.51638171
0.69566652 0.51604810
0.69590634 0.51571437
0.69614616 0.51538053
0.69638598 0.51504657
0.69662580 0.51471249
0.69686562 0.51437830
0.69710544 0.51404400
0.69734527 0.51370958
0.69758509 0.51337505
0.69782491 0.51304040
0.69806473 0.51270563
0.69830455 0.51237075
0.69854437 0.51203576
0.69878419 0.51170065
0.69902402 0.51136542
0.69926384 0.51103008
0.69950366 0.51069463
0.69974348 0.51035906
0.69998330 0.51002338
0.70022312 0.50968758
0.70046295 0.50935166
0.70070277 0.50901563
0.70094259 0.50867949
0.70118241 0.50834323
0.70142223 0.50800685
0.70166205 0.50767036
0.70190187 0.50733376
0.70214170 0.50699704
0.70238152 0.50666020
0.70262134 0.50632325
0.70286116 0.50598619
0.70310098 0.50564901
0.70334080 0.50531171
0.70358063 0.50497430
0.70382045 0.50463678
0.70406027 0.50429914
0.70430009 0.50396138
0.70453991 0.50362351
0.70477973 0.50328553
0.70501955 0.50294743
0.70525938 0.50260921
0.70549920 0.50227088
0.70573902 0.50193244
0.70597884 0.50159388
0.70621866 0.50125520
0.70645848 0.50091641
0.70669830 0.50057751
0.70693813 0.50023849
0.70717795 0.49989935
0.70741777 0.49956010
0.70765759 0.49922073
0.70789741 0.49888125
0.70813723 0.49854166
0.70837706 0.49820195
0.70861688 0.49786212
0.70885670 0.49752218
0.70909652 0.49718213
0.70933634 0.49684196
0.70957616 0.49650167
0.70981598 0.49616127
0.71005581 0.49582075
0.71029563 0.49548012
0.71053545 0.49513938
0.71077527 0.49479852
0.71101509 0.49445754
0.71125491 0.49411645
0.71149473 0.49377524
0.71173456 0.49343392
0.71197438 0.49309249
0.71221420 0.49275093
0.71245402 0.49240927
0.71269384 0.49206749
0.71293366 0.49172559
0.71317349 0.49138358
0.71341331 0.49104145
0.71365313 0.49069921
0.71389295 0.49035686
0.71413277 0.49001439
0.71437259 0.48967180
0.71461241 0.48932910
0.71485224 0.48898628
0.71509206 0.48864335
0.71533188 0.48830030
0.71557170 0.48795714
0.71581152 0.48761387
0.71605134 0.48727047
0.71629116 0.48692697
0.71653099 0.48658335
0.71677081 0.48623961
0.71701063 0.48589576
0.71725045 0.48555179
0.71749027 0.48520771
0.71773009 0.48486351
0.71796992 0.48451920
0.71820974 0.48417477
0.71844956 0.48383023
0.71868938 0.48348558
0.71892920 0.48314080
0.71916902 0.48279592
0.71940884 0.48245092
0.71964867 0.48210580
0.71988849 0.48176057
0.72012831 0.48141522
0.72036813 0.48106976
0.72060795 0.48072418
0.72084777 0.48037849
0.72108759 0.48003268
0.72132742 0.47968676
0.72156724 0.47934072
0.72180706 0.47899457
0.72204688 0.47864830
0.72228670 0.47830192
0.72252652 0.47795542
0.72276635 0.47760881
0.72300617 0.47726208
0.72324599 0.47691524
0.72348581 0.47656828
0.72372563 0.47622121
0.72396545 0.47587402
0.72420527 0.47552672
0.72444510 0.47517930
0.72468492 0.47483177
0.72492474 0.47448412
0.72516456 0.47413636
0.72540438 0.47378848
0.72564420 0.47344049
0.72588402 0.47309238
0.72612385 0.47274416
0.72636367 0.47239582
0.72660349 0.47204737
0.72684331 0.47169880
0.72708313 0.47135012
0.72732295 0.47100132
0.72756278 0.47065241
0.72780260 0.47030338
0.72804242 0.46995424
0.72828224 0.46960498
0.72852206 0.46925561
0.72876188 0.46890612
0.72900170 0.46855652
0.72924153 0.46820680
0.72948135 0.46785696
0.72972117 0.46750702
0.72996099 0.46715695
0.73020081 0.46680677
0.73044063 0.46645648
0.73068045 0.46610607
0.73092028 0.46575555
0.73116010 0.46540491
0.73139992 0.46505416
0.73163974 0.46470329
0.73187956 0.46435231
0.73211938 0.46400121
0.73235921 0.46364999
0.73259903 0.46329867
0.73283885 0.46294722
0.73307867 0.46259566
0.73331849 0.46224399
0.73355831 0.46189220
0.73379813 0.46154030
0.73403796 0.46118828
0.73427778 0.46083615
0.73451760 0.46048390
0.73475742 0.46013153
0.73499724 0.45977905
0.73523706 0.45942646
0.73547688 0.45907375
0.73571671 0.45872093
0.73595653 0.45836799
0.73619635 0.45801494
0.73643617 0.45766177
0.73667599 0.45730848
0.73691581 0.45695508
0.73715564 0.45660157
0.73739546 0.45624794
0.73763528 0.45589420
0.73787510 0.45554034
0.73811492 0.45518636
0.73835474 0.45483227
0.73859456 0.45447807
0.73883439 0.45412375
0.73907421 0.45376932
0.73931403 0.45341477
0.73955385 0.45306010
0.73979367 0.45270532
0.74003349 0.45235043
0.74027331 0.45199542
0.74051314 0.45164030
0.74075296 0.45128506
0.74099278 0.45092970
0.74123260 0.45057423
0.74147242 0.45021865
0.74171224 0.44986295
0.74195207 0.44950713
0.74219189 0.44915120
0.74243171 0.44879516
0.74267153 0.44843900
0.74291135 0.44808272
0.74315117 0.44772633
0.74339099 0.44736983
0.74363082 0.44701321
0.74387064 0.44665648
0.74411046 0.44629963
0.74435028 0.44594266
0.74459010 0.44558558
0.74482992 0.44522839
0.74506974 0.44487108
0.74530957 0.44451365
0.74554939 0.44415611
0.74578921 0.44379846
0.74602903 0.44344069
0.74626885 0.44308280
0.74650867 0.44272480
0.74674850 0.44236668
0.74698832 0.44200845
0.74722814 0.44165011
0.74746796 0.44129165
0.74770778 0.44093307
0.74794760 0.44057438
0.74818742 0.44021558
0.74842725 0.43985666
0.74866707 0.43949762
0.74890689 0.43913847
0.74914671 0.43877921
0.74938653 0.43841983
0.74962635 0.43806033
0.74986617 0.43770072
0.75010600 0.43734099
0.75034582 0.43698115
0.75058564 0.43662120
0.75082546 0.43626113
0.75106528 0.43590094
0.75130510 0.43554064
0.75154493 0.43518023
0.75178475 0.43481969
0.75202457 0.43445905
0.75226439 0.43409829
0.75250421 0.43373741
0.75274403 0.43337642
0.75298385 0.43301532
0.75322368 0.43265409
0.75346350 0.43229276
0.75370332 0.43193131
0.75394314 0.43156974
0.75418296 0.43120806
0.75442278 0.43084626
0.75466260 0.43048435
0.75490243 0.43012233
0.75514225 0.42976019
0.75538207 0.42939793
0.75562189 0.42903556
0.75586171 0.42867307
0.75610153 0.42831047
0.75634136 0.42794775
0.75658118 0.42758492
0.75682100 0.42722198
0.75706082 0.42685892
0.75730064 0.42649574
0.75754046 0.42613245
0.75778028 0.42576904
0.75802011 0.42540552
0.75825993 0.42504188
0.75849975 0.42467813
0.75873957 0.42431426
0.75897939 0.42395028
0.75921921 0.42358619
0.75945903 0.42322197
0.75969886 0.42285765
0.75993868 0.42249321
0.76017850 0.42212865
0.76041832 0.42176398
0.76065814 0.42139919
0.76089796 0.42103429
0.76113779 0.42066927
0.76137761 0.42030414
0.76161743 0.41993889
0.76185725 0.41957353
0.76209707 0.41920805
0.76233689 0.41884246
0.76257671 0.41847675
0.76281654 0.41811093
0.76305636 0.41774500
0.76329618 0.41737894
0.76353600 0.41701278
0.76377582 0.41664649
0.76401564 0.41628010
0.76425546 0.41591358
0.76449529 0.41554696
0.76473511 0.41518022
0.76497493 0.41481336
0.76521475 0.41444639
0.76545457 0.41407930
0.76569439 0.41371210
0.76593422 0.41334478
0.76617404 0.41297735
0.76641386 0.41260980
0.76665368 0.41224214
0.76689350 0.41187436
0.76713332 0.41150647
0.76737314 0.41113846
0.76761297 0.41077033
0.76785279 0.41040210
0.76809261 0.41003374
0.76833243 0.40966528
0.76857225 0.40929669
0.76881207 0.40892800
0.76905189 0.40855918
0.76929172 0.40819026
0.76953154 0.40782121
0.76977136 0.40745205
0.77001118 0.40708278
0.77025100 0.40671339
0.77049082 0.40634389
0.77073065 0.40597427
0.77097047 0.40560454
0.77121029 0.40523469
0.77145011 0.40486473
0.77168993 0.40449465
0.77192975 0.40412446
0.77216957 0.40375415
0.77240940 0.40338373
0.77264922 0.40301319
0.77288904 0.40264253
0.77312886 0.40227177
0.77336868 0.40190088
0.77360850 0.40152988
0.77384832 0.40115877
0.77408815 0.40078754
0.77432797 0.40041620
0.77456779 0.40004474
0.77480761 0.39967317
0.77504743 0.39930148
0.77528725 0.39892967
0.77552708 0.39855776
0.77576690 0.39818572
0.77600672 0.39781357
0.77624654 0.39744131
0.77648636 0.39706893
0.77672618 0.39669644
0.77696600 0.39632383
0.77720583 0.39595110
0.77744565 0.39557827
0.77768547 0.39520531
0.77792529 0.39483224
0.77816511 0.39445906
0.77840493 0.39408576
0.77864475 0.39371235
0.77888458 0.39333882
0.77912440 0.39296517
0.77936422 0.39259141
0.77960404 0.39221754
0.77984386 0.39184355
0.78008368 0.39146945
0.78032351 0.39109523
0.78056333 0.39072089
0.78080315 0.39034644
0.78104297 0.38997188
0.78128279 0.38959720
0.78152261 0.38922241
0.78176243 0.38884750
0.78200226 0.38847247
0.78224208 0.38809733
0.78248190 0.38772208
0.78272172 0.38734671
0.78296154 0.38697122
0.78320136 0.38659562
0.78344118 0.38621991
0.78368101 0.38584408
0.78392083 0.38546814
0.78416065 0.38509208
0.78440047 0.38471590
0.78464029 0.38433961
0.78488011 0.38396321
0.78511994 0.38358669
0.78535976 0.38321005
0.78559958 0.38283330
0.78583940 0.38245644
0.78607922 0.38207946
0.78631904 0.38170236
0.78655886 0.38132515
0.78679869 0.38094783
0.78703851 0.38057039
0.78727833 0.38019283
0.78751815 0.37981516
0.78775797 0.37943738
0.78799779 0.37905948
0.78823761 0.37868146
0.78847744 0.37830333
0.78871726 0.37792509
0.78895708 0.37754673
0.78919690 0.37716825
0.78943672 0.37678966
0.78967654 0.37641096
0.78991637 0.37603214
0.79015619 0.37565320
0.79039601 0.37527415
0.79063583 0.37489498
0.79087565 0.37451570
0.79111547 0.37413631
0.79135529 0.37375680
0.79159512 0.37337717
0.79183494 0.37299743
0.79207476 0.37261758
0.79231458 0.37223761
0.79255440 0.37185752
0.79279422 0.37147732
0.79303404 0.37109700
0.79327387 0.37071657
0.79351369 0.37033603
0.79375351 0.36995537
0.79399333 0.36957459
0.79423315 0.36919370
0.79447297 0.36881269
0.79471280 0.36843157
0.79495262 0.36805034
0.79519244 0.36766899
0.79543226 0.36728752
0.79567208 0.36690594
0.79591190 0.36652424
0.79615172 0.36614243
0.79639155 0.36576051
0.79663137 0.36537846
0.79687119 0.36499631
0.79711101 0.36461404
0.79735083 0.36423165
0.79759065 0.36384915
0.79783047 0.36346653
0.79807030 0.36308380
0.79831012 0.36270096
0.79854994 0.36231799
0.79878976 0.36193492
0.79902958 0.36155173
0.79926940 0.36116842
0.79950923 0.36078500
0.79974905 0.36040146
0.79998887 0.36001781
0.80022869 0.35963404
0.80046851 0.35925016
0.80070833 0.35886617
0.80094815 0.35848205
0.80118798 0.35809783
0.80142780 0.35771349
0.80166762 0.35732903
0.80190744 0.35694446
0.80214726 0.35655977
0.80238708 0.35617497
0.80262690 0.35579005
0.80286673 0.35540502
0.80310655 0.35501987
0.80334637 0.35463461
0.80358619 0.35424923
0.80382601 0.35386374
0.80406583 0.35347813
0.80430566 0.35309241
0.80454548 0.35270658
0.80478530 0.35232062
0.80502512 0.35193456
0.80526494 0.35154837
0.80550476 0.35116208
0.80574458 0.35077566
0.80598441 0.35038914
0.80622423 0.35000250
0.80646405 0.34961574
0.80670387 0.34922887
0.80694369 0.34884188
0.80718351 0.34845478
0.80742333 0.34806756
0.80766316 0.34768023
0.80790298 0.34729278
0.80814280 0.34690522
0.80838262 0.34651754
0.80862244 0.34612975
0.80886226 0.34574184
0.80910209 0.34535382
0.80934191 0.34496568
0.80958173 0.34457743
0.80982155 0.34418906
0.81006137 0.34380057
0.81030119 0.34341198
0.81054101 0.34302326
0.81078084 0.34263444
0.81102066 0.34224549
0.81126048 0.34185644
0.81150030 0.34146726
0.81174012 0.34107797
0.81197994 0.34068857
0.81221976 0.34029905
0.81245959 0.33990942
0.81269941 0.33951967
0.81293923 0.33912981
0.81317905 0.33873983
0.81341887 0.33834974
0.81365869 0.33795953
0.81389852 0.33756921
0.81413834 0.33717877
0.81437816 0.33678822
0.81461798 0.33639755
0.81485780 0.33600676
0.81509762 0.33561587
0.81533744 0.33522485
0.81557727 0.33483372
0.81581709 0.33444248
0.81605691 0.33405112
0.81629673 0.33365965
0.81653655 0.33326806
0.81677637 0.33287636
0.81701619 0.33248454
0.81725602 0.33209260
0.81749584 0.33170056
0.81773566 0.33130839
0.81797548 0.33091611
0.81821530 0.33052372
0.81845512 0.33013121
0.81869495 0.32973859
0.81893477 0.32934585
0.81917459 0.32895299
0.81941441 0.32856002
0.81965423 0.32816694
0.81989405 0.32777374
0.82013387 0.32738043
0.82037370 0.32698700
0.82061352 0.32659346
0.82085334 0.32619980
0.82109316 0.32580602
0.82133298 0.32541213
0.82157280 0.32501813
0.82181262 0.32462401
0.82205245 0.32422978
0.82229227 0.32383543
0.82253209 0.32344096
0.82277191 0.32304638
0.82301173 0.32265169
0.82325155 0.32225688
0.82349138 0.32186195
0.82373120 0.32146692
0.82397102 0.32107176
0.82421084 0.32067649
0.82445066 0.32028111
0.82469048 0.31988561
0.82493030 0.31948999
0.82517013 0.31909426
0.82540995 0.31869842
0.82564977 0.31830246
0.82588959 0.31790638
0.82612941 0.31751019
0.82636923 0.31711389
0.82660905 0.31671747
0.82684888 0.31632094
0.82708870 0.31592429
0.82732852 0.31552752
0.82756834 0.31513064
0.82780816 0.31473365
0.82804798 0.31433654
0.82828781 0.31393931
0.82852763 0.31354197
0.82876745 0.31314452
0.82900727 0.31274695
0.82924709 0.31234926
0.82948691 0.31195146
0.82972673 0.31155355
0.82996656 0.31115552
0.83020638 0.31075737
0.83044620 0.31035911
0.83068602 0.30996074
0.83092584 0.30956225
0.83116566 0.30916364
0.83140548 0.30876492
0.83164531 0.30836608
0.83188513 0.30796713
0.83212495 0.30756807
0.83236477 0.30716889
0.83260459 0.30676959
0.83284441 0.30637018
0.83308424 0.30597066
0.83332406 0.30557102
0.83356388 0.30517126
0.83380370 0.30477139
0.83404352 0.30437140
0.83428334 0.30397130
0.83452316 0.30357109
0.83476299 0.30317076
0.83500281 0.30277031
0.83524263 0.30236975
0.83548245 0.30196907
0.83572227 0.30156828
0.83596209 0.30116738
0.83620191 0.30076636
0.83644174 0.30036522
0.83668156 0.29996397
0.83692138 0.29956260
0.83716120 0.29916112
0.83740102 0.29875953
0.83764084 0.29835782
0.83788067 0.29795599
0.83812049 0.29755405
0.83836031 0.29715199
0.83860013 0.29674982
0.83883995 0.29634754
0.83907977 0.29594513
0.83931959 0.29554262
0.83955942 0.29513999
0.83979924 0.29473724
0.84003906 0.29433438
0.84027888 0.29393140
0.84051870 0.29352831
0.84075852 0.29312511
0.84099834 0.29272178
0.84123817 0.29231835
0.84147799 0.29191480
0.84171781 0.29151113
0.84195763 0.29110735
0.84219745 0.29070345
0.84243727 0.29029944
0.84267710 0.28989531
0.84291692 0.28949107
0.84315674 0.28908671
0.84339656 0.28868224
0.84363638 0.28827766
0.84387620 0.28787295
0.84411602 0.28746814
0.84435585 0.28706321
0.84459567 0.28665816
0.84483549 0.28625300
0.84507531 0.28584772
0.84531513 0.28544233
0.84555495 0.28503682
0.84579477 0.28463120
0.84603460 0.28422546
0.84627442 0.28381961
0.84651424 0.28341364
0.84675406 0.28300756
0.84699388 0.28260136
0.84723370 0.28219505
0.84747353 0.28178862
0.84771335 0.28138208
0.84795317 0.28097542
0.84819299 0.28056865
0.84843281 0.28016176
0.84867263 0.27975476
0.84891245 0.27934764
0.84915228 0.27894041
0.84939210 0.27853306
0.84963192 0.27812560
0.84987174 0.27771802
0.85011156 0.27731033
0.85035138 0.27690252
0.85059121 0.27649460
0.85083103 0.27608656
0.85107085 0.27567841
0.85131067 0.27527014
0.85155049 0.27486176
0.85179031 0.27445326
0.85203013 0.27404465
0.85226996 0.27363592
0.85250978 0.27322708
0.85274960 0.27281812
0.85298942 0.27240905
0.85322924 0.27199986
0.85346906 0.27159056
0.85370888 0.27118114
0.85394871 0.27077161
0.85418853 0.27036196
0.85442835 0.26995220
0.85466817 0.26954232
0.85490799 0.26913233
0.85514781 0.26872222
0.85538764 0.26831199
0.85562746 0.26790166
0.85586728 0.26749120
0.85610710 0.26708063
0.85634692 0.26666995
0.85658674 0.26625915
0.85682656 0.26584824
0.85706639 0.26543721
0.85730621 0.26502607
0.85754603 0.26461481
0.85778585 0.26420344
0.85802567 0.26379195
0.85826549 0.26338034
0.85850531 0.26296862
0.85874514 0.26255679
0.85898496 0.26214484
0.85922478 0.26173278
0.85946460 0.26132060
0.85970442 0.26090831
0.85994424 0.26049590
0.86018407 0.26008337
0.86042389 0.25967074
0.86066371 0.25925798
0.86090353 0.25884511
0.86114335 0.25843213
0.86138317 0.25801903
0.86162299 0.25760582
0.86186282 0.25719249
0.86210264 0.25677904
0.86234246 0.25636548
0.86258228 0.25595181
0.86282210 0.25553802
0.86306192 0.25512412
0.86330174 0.25471010
0.86354157 0.25429596
0.86378139 0.25388171
0.86402121 0.25346735
0.86426103 0.25305287
0.86450085 0.25263828
0.86474067 0.25222357
0.86498050 0.25180874
0.86522032 0.25139380
0.86546014 0.25097875
0.86569996 0.25056358
0.86593978 0.25014830
0.86617960 0.24973290
0.86641942 0.24931738
0.86665925 0.24890175
0.86689907 0.24848601
0.86713889 0.24807015
0.86737871 0.24765417
0.86761853 0.24723808
0.86785835 0.24682188
0.86809817 0.24640556
0.86833800 0.24598912
0.86857782 0.24557257
0.86881764 0.24515591
0.86905746 0.24473913
0.86929728 0.24432224
0.86953710 0.24390523
0.86977693 0.24348810
0.87001675 0.24307086
0.87025657 0.24265351
0.87049639 0.24223604
0.87073621 0.24181845
0.87097603 0.24140075
0.87121585 0.24098294
0.87145568 0.24056501
0.87169550 0.24014696
0.87193532 0.23972880
0.87217514 0.23931053
0.87241496 0.23889213
0.87265478 0.23847363
0.87289460 0.23805501
0.87313443 0.23763627
0.87337425 0.23721742
0.87361407 0.23679846
0.87385389 0.23637938
0.87409371 0.23596018
0.87433353 0.23554087
0.87457336 0.23512145
0.87481318 0.23470191
0.87505300 0.23428225
0.87529282 0.23386248
0.87553264 0.23344259
0.87577246 0.23302259
0.87601228 0.23260248
0.87625211 0.23218225
0.87649193 0.23176190
0.87673175 0.23134144
0.87697157 0.23092087
0.87721139 0.23050017
0.87745121 0.23007937
0.87769103 0.22965845
0.87793086 0.22923741
0.87817068 0.22881626
0.87841050 0.22839500
0.87865032 0.22797361
0.87889014 0.22755212
0.87912996 0.22713051
0.87936979 0.22670878
0.87960961 0.22628694
0.87984943 0.22586498
0.88008925 0.22544291
0.88032907 0.22502073
0.88056889 0.22459843
0.88080871 0.22417601
0.88104854 0.22375348
0.88128836 0.22333083
0.88152818 0.22290807
0.88176800 0.22248519
0.88200782 0.22206220
0.88224764 0.22163910
0.88248746 0.22121587
0.88272729 0.22079254
0.88296711 0.22036909
0.88320693 0.21994552
0.88344675 0.21952184
0.88368657 0.21909804
0.88392639 0.21867413
0.88416622 0.21825010
0.88440604 0.21782596
0.88464586 0.21740171
0.88488568 0.21697733
0.88512550 0.21655285
0.88536532 0.21612825
0.88560514 0.21570353
0.88584497 0.21527870
0.88608479 0.21485375
0.88632461 0.21442869
0.88656443 0.21400351
0.88680425 0.21357822
0.88704407 0.21315281
0.88728389 0.21272729
0.88752372 0.21230165
0.88776354 0.21187590
0.88800336 0.21145003
0.88824318 0.21102405
0.88848300 0.21059795
0.88872282 0.21017174
0.88896265 0.20974542
0.88920247 0.20931897
0.88944229 0.20889242
0.88968211 0.20846574
0.88992193 0.20803896
0.89016175 0.20761205
0.89040157 0.20718504
0.89064140 0.20675790
0.89088122 0.20633066
0.89112104 0.20590329
0.89136086 0.20547582
0.89160068 0.20504822
0.89184050 0.20462052
0.89208032 0.20419269
0.89232015 0.20376476
0.89255997 0.20333670
0.89279979 0.20290854
0.89303961 0.20248025
0.89327943 0.20205186
0.89351925 0.20162334
0.89375908 0.20119472
0.89399890 0.20076597
0.89423872 0.20033711
0.89447854 0.19990814
0.89471836 0.19947905
0.89495818 0.19904985
0.89519800 0.19862053
0.89543783 0.19819110
0.89567765 0.19776155
0.89591747 0.19733189
0.89615729 0.19690211
0.89639711 0.19647222
0.89663693 0.19604221
0.89687675 0.19561209
0.89711658 0.19518185
0.89735640 0.19475150
0.89759622 0.19432103
0.89783604 0.19389044
0.89807586 0.19345975
0.89831568 0.19302893
0.89855551 0.19259800
0.89879533 0.19216696
0.89903515 0.19173580
0.89927497 0.19130453
0.89951479 0.19087314
0.89975461 0.19044164
0.89999443 0.19001002
0.90023426 0.18957828
0.90047408 0.18914644
0.90071390 0.18871447
0.90095372 0.18828239
0.90119354 0.18785020
0.90143336 0.18741789
0.90167318 0.18698547
0.90191301 0.18655293
0.90215283 0.18612028
0.90239265 0.18568751
0.90263247 0.18525462
0.90287229 0.18482162
0.90311211 0.18438851
0.90335194 0.18395528
0.90359176 0.18352194
0.90383158 0.18308848
0.90407140 0.18265490
0.90431122 0.18222122
0.90455104 0.18178741
0.90479086 0.18135349
0.90503069 0.18091946
0.90527051 0.18048531
0.90551033 0.18005104
0.90575015 0.17961667
0.90598997 0.17918217
0.90622979 0.17874756
0.90646961 0.17831284
0.90670944 0.17787800
0.90694926 0.17744304
0.90718908 0.17700797
0.90742890 0.17657279
0.90766872 0.17613749
0.90790854 0.17570208
0.90814837 0.17526655
0.90838819 0.17483090
0.90862801 0.17439514
0.90886783 0.17395927
0.90910765 0.17352328
0.90934747 0.17308717
0.90958729 0.17265095
0.90982712 0.17221462
0.91006694 0.17177817
0.91030676 0.17134161
0.91054658 0.17090493
0.91078640 0.17046813
0.91102622 0.17003122
0.91126604 0.16959420
0.91150587 0.16915706
0.91174569 0.16871980
0.91198551 0.16828243
0.91222533 0.16784495
0.91246515 0.16740735
0.91270497 0.16696963
0.91294480 0.16653180
0.91318462 0.16609386
0.91342444 0.16565580
0.91366426 0.16521762
0.91390408 0.16477933
0.91414390 0.16434093
0.91438372 0.16390240
0.91462355 0.16346377
0.91486337 0.16302502
0.91510319 0.16258615
0.91534301 0.16214717
0.91558283 0.16170808
0.91582265 0.16126887
0.91606247 0.16082954
0.91630230 0.16039010
0.91654212 0.15995055
0.91678194 0.15951088
0.91702176 0.15907109
0.91726158 0.15863119
0.91750140 0.15819117
0.91774123 0.15775104
0.91798105 0.15731080
0.91822087 0.15687044
0.91846069 0.15642996
0.91870051 0.15598937
0.91894033 0.15554866
0.91918015 0.15510784
0.91941998 0.15466691
0.91965980 0.15422586
0.91989962 0.15378469
0.92013944 0.15334341
0.92037926 0.15290201
0.92061908 0.15246050
0.92085890 0.15201888
0.92109873 0.15157714
0.92133855 0.15113528
0.92157837 0.15069331
0.92181819 0.15025122
0.92205801 0.14980902
0.92229783 0.14936671
0.92253766 0.14892427
0.92277748 0.14848173
0.92301730 0.14803907
0.92325712 0.14759629
0.92349694 0.14715340
0.92373676 0.14671039
0.92397658 0.14626727
0.92421641 0.14582404
0.92445623 0.14538068
0.92469605 0.14493722
0.92493587 0.14449364
0.92517569 0.14404994
0.92541551 0.14360613
0.92565533 0.14316220
0.92589516 0.14271816
0.92613498 0.14227400
0.92637480 0.14182973
0.92661462 0.14138534
0.92685444 0.14094084
0.92709426 0.14049623
0.92733409 0.14005149
0.92757391 0.13960665
0.92781373 0.13916169
0.92805355 0.13871661
0.92829337 0.13827142
0.92853319 0.13782611
0.92877301 0.13738069
0.92901284 0.13693515
0.92925266 0.13648950
0.92949248 0.13604373
0.92973230 0.13559785
0.92997212 0.13515185
0.93021194 0.13470574
0.93045176 0.13425951
0.93069159 0.13381317
0.93093141 0.13336671
0.93117123 0.13292014
0.93141105 0.13247345
0.93165087 0.13202665
0.93189069 0.13157973
0.93213052 0.13113270
0.93237034 0.13068556
0.93261016 0.13023829
0.93284998 0.12979092
0.93308980 0.12934342
0.93332962 0.12889582
0.93356944 0.12844809
0.93380927 0.12800026
0.93404909 0.12755230
0.93428891 0.12710423
0.93452873 0.12665605
0.93476855 0.12620775
0.93500837 0.12575934
0.93524819 0.12531081
0.93548802 0.12486217
0.93572784 0.12441341
0.93596766 0.12396454
0.93620748 0.12351555
0.93644730 0.12306645
0.93668712 0.12261723
0.93692695 0.12216790
0.93716677 0.12171845
0.93740659 0.12126889
0.93764641 0.12081921
0.93788623 0.12036942
0.93812605 0.11991951
0.93836587 0.11946949
0.93860570 0.11901935
0.93884552 0.11856909
0.93908534 0.11811873
0.93932516 0.11766824
0.93956498 0.11721764
0.93980480 0.11676693
0.94004462 0.11631610
0.94028445 0.11586516
0.94052427 0.11541410
0.94076409 0.11496293
0.94100391 0.11451164
0.94124373 0.11406024
0.94148355 0.11360872
0.94172338 0.11315708
0.94196320 0.11270534
0.94220302 0.11225347
0.94244284 0.11180149
0.94268266 0.11134940
0.94292248 0.11089719
0.94316230 0.11044487
0.94340213 0.10999243
0.94364195 0.10953988
0.94388177 0.10908721
0.94412159 0.10863442
0.94436141 0.10818152
0.94460123 0.10772851
0.94484105 0.10727538
0.94508088 0.10682214
0.94532070 0.10636878
0.94556052 0.10591530
0.94580034 0.10546172
0.94604016 0.10500801
0.94627998 0.10455419
0.94651981 0.10410026
0.94675963 0.10364621
0.94699945 0.10319204
0.94723927 0.10273777
0.94747909 0.10228337
0.94771891 0.10182886
0.94795873 0.10137424
0.94819856 0.10091950
0.94843838 0.10046464
0.94867820 0.10000968
0.94891802 0.09955459
0.94915784 0.09909939
0.94939766 0.09864408
0.94963748 0.09818865
0.94987731 0.09773310
0.95011713 0.09727744
0.95035695 0.09682167
0.95059677 0.09636578
0.95083659 0.09590977
0.95107641 0.09545366
0.95131624 0.09499742
0.95155606 0.09454107
0.95179588 0.09408461
0.95203570 0.09362803
0.95227552 0.09317133
0.95251534 0.09271452
0.95275516 0.09225760
0.95299499 0.09180056
0.95323481 0.09134340
0.95347463 0.09088613
0.95371445 0.09042875
0.95395427 0.08997125
0.95419409 0.08951363
0.95443391 0.08905590
0.95467374 0.08859806
0.95491356 0.08814010
0.95515338 0.08768202
0.95539320 0.08722383
0.95563302 0.08676553
0.95587284 0.08630711
0.95611267 0.08584857
0.95635249 0.08538992
0.95659231 0.08493116
0.95683213 0.08447228
0.95707195 0.08401328
0.95731177 0.08355417
0.95755159 0.08309494
0.95779142 0.08263560
0.95803124 0.08217615
0.95827106 0.08171658
0.95851088 0.08125689
0.95875070 0.08079709
0.95899052 0.08033718
0.95923034 0.07987715
0.95947017 0.07941700
0.95970999 0.07895674
0.95994981 0.07849636
0.96018963 0.07803587
0.96042945 0.07757527
0.96066927 0.07711455
0.96090910 0.07665371
0.96114892 0.07619276
0.96138874 0.07573169
0.96162856 0.07527051
0.96186838 0.07480922
0.96210820 0.07434781
0.96234802 0.07388628
0.96258785 0.07342464
0.96282767 0.07296288
0.96306749 0.07250101
0.96330731 0.07203903
0.96354713 0.07157692
0.96378695 0.07111471
0.96402677 0.07065238
0.96426660 0.07018993
0.96450642 0.06972737
0.96474624 0.06926469
0.96498606 0.06880190
0.96522588 0.06833900
0.96546570 0.06787597
0.96570553 0.06741284
0.96594535 0.06694959
0.96618517 0.06648622
0.96642499 0.06602274
0.96666481 0.06555914
0.96690463 0.06509543
0.96714445 0.06463160
0.96738428 0.06416766
0.96762410 0.06370361
0.96786392 0.06323943
0.96810374 0.06277515
0.96834356 0.06231075
0.96858338 0.06184623
0.96882320 0.06138160
0.96906303 0.06091685
0.96930285 0.06045199
0.96954267 0.05998701
0.96978249 0.05952192
0.97002231 0.05905671
0.97026213 0.05859139
0.97050196 0.05812595
0.97074178 0.05766040
0.97098160 0.05719474
0.97122142 0.05672895
0.97146124 0.05626306
0.97170106 0.05579704
0.97194088 0.05533092
0.97218071 0.05486468
0.97242053 0.05439832
0.97266035 0.05393185
0.97290017 0.05346526
0.97313999 0.05299856
0.97337981 0.05253174
0.97361963 0.05206481
0.97385946 0.05159776
0.97409928 0.05113060
0.97433910 0.05066332
0.97457892 0.05019593
0.97481874 0.04972842
0.97505856 0.04926080
0.97529839 0.04879306
0.97553821 0.04832521
0.97577803 0.04785724
0.97601785 0.04738916
0.97625767 0.04692096
0.97649749 0.04645265
0.97673731 0.04598422
0.97697714 0.04551568
0.97721696 0.04504702
0.97745678 0.04457825
0.97769660 0.04410936
0.97793642 0.04364035
0.97817624 0.04317124
0.97841606 0.04270200
0.97865589 0.04223266
0.97889571 0.04176319
0.97913553 0.04129362
0.97937535 0.04082392
0.97961517 0.04035411
0.97985499 0.03988419
0.98009482 0.03941415
0.98033464 0.03894400
0.98057446 0.03847373
0.98081428 0.03800335
0.98105410 0.03753285
0.98129392 0.03706224
0.98153374 0.03659151
0.98177357 0.03612067
0.98201339 0.03564971
0.98225321 0.03517863
0.98249303 0.03470745
0.98273285 0.03423614
0.98297267 0.03376472
0.98321249 0.03329319
0.98345232 0.03282154
0.98369214 0.03234978
0.98393196 0.03187790
0.98417178 0.03140591
0.98441160 0.03093380
0.98465142 0.03046157
0.98489125 0.02998923
0.98513107 0.02951678
0.98537089 0.02904421
0.98561071 0.02857153
0.98585053 0.02809873
0.98609035 0.02762582
0.98633017 0.02715279
0.98657000 0.02667964
0.98680982 0.02620638
0.98704964 0.02573301
0.98728946 0.02525952
0.98752928 0.02478592
0.98776910 0.02431220
0.98800892 0.02383836
0.98824875 0.02336442
0.98848857 0.02289035
0.98872839 0.02241617
0.98896821 0.02194188
0.98920803 0.02146747
0.98944785 0.02099294
0.98968768 0.02051831
0.98992750 0.02004355
0.99016732 0.01956868
0.99040714 0.01909370
0.99064696 0.01861860
0.99088678 0.01814338
0.99112660 0.01766805
0.99136643 0.01719261
0.99160625 0.01671705
0.99184607 0.01624138
0.99208589 0.01576559
0.99232571 0.01528968
0.99256553 0.01481366
0.99280535 0.01433753
0.99304518 0.01386128
0.99328500 0.01338491
0.99352482 0.01290843
0.99376464 0.01243184
0.99400446 0.01195513
0.99424428 0.01147830
0.99448411 0.01100136
0.99472393 0.01052431
0.99496375 0.01004714
0.99520357 0.00956985
0.99544339 0.00909245
0.99568321 0.00861494
0.99592303 0.00813731
0.99616286 0.00765956
0.99640268 0.00718170
0.99664250 0.00670373
0.99688232 0.00622564
0.99712214 0.00574743
0.99736196 0.00526911
0.99760178 0.00479068
0.99784161 0.00431213
0.99808143 0.00383346
0.99832125 0.00335468
0.99856107 0.00287579
0.99880089 0.00239678
0.99904071 0.00191765
0.99928054 0.00143841
0.99952036 0.00095906
0.99976018 0.00047959
1.00000000 0.00000000
