0.00000000 1.00000000
0.00033344 0.98173954
0.00066689 0.97417581
0.00100033 0.96837195
0.00133378 0.96347908
0.00166722 0.95916837
0.00200067 0.95527119
0.00233411 0.95168736
0.00266756 0.94835161
0.00300100 0.94521861
0.00333444 0.94225535
0.00366789 0.93943690
0.00400133 0.93674390
0.00433478 0.93416097
0.00466822 0.93167561
0.00500167 0.92927753
0.00533511 0.92695815
0.00566856 0.92471019
0.00600200 0.92252742
0.00633545 0.92040449
0.00666889 0.91833673
0.00700233 0.91632005
0.00733578 0.91435084
0.00766922 0.91242590
0.00800267 0.91054237
0.00833611 0.90869769
0.00866956 0.90688955
0.00900300 0.90511585
0.00933645 0.90337472
0.00966989 0.90166440
0.01000333 0.89998333
0.01033678 0.89833005
0.01067022 0.89670323
0.01100367 0.89510163
0.01133711 0.89352412
0.01167056 0.89196965
0.01200400 0.89043723
0.01233745 0.88892594
0.01267089 0.88743495
0.01300433 0.88596345
0.01333778 0.88451070
0.01367122 0.88307599
0.01400467 0.88165868
0.01433811 0.88025814
0.01467156 0.87887380
0.01500500 0.87750510
0.01533845 0.87615152
0.01567189 0.87481258
0.01600534 0.87348781
0.01633878 0.87217676
0.01667222 0.87087903
0.01700567 0.86959422
0.01733911 0.86832193
0.01767256 0.86706183
0.01800600 0.86581356
0.01833945 0.86457679
0.01867289 0.86335121
0.01900634 0.86213653
0.01933978 0.86093246
0.01967322 0.85973873
0.02000667 0.85855507
0.02034011 0.85738123
0.02067356 0.85621698
0.02100700 0.85506207
0.02134045 0.85391630
0.02167389 0.85277945
0.02200734 0.85165130
0.02234078 0.85053167
0.02267422 0.84942037
0.02300767 0.84831721
0.02334111 0.84722201
0.02367456 0.84613461
0.02400800 0.84505484
0.02434145 0.84398254
0.02467489 0.84291756
0.02500834 0.84185976
0.02534178 0.84080898
0.02567523 0.83976509
0.02600867 0.83872796
0.02634211 0.83769746
0.02667556 0.83667346
0.02700900 0.83565584
0.02734245 0.83464448
0.02767589 0.83363927
0.02800934 0.83264010
0.02834278 0.83164686
0.02867623 0.83065944
0.02900967 0.82967775
0.02934311 0.82870168
0.02967656 0.82773114
0.03001000 0.82676604
0.03034345 0.82580629
0.03067689 0.82485180
0.03101034 0.82390248
0.03134378 0.82295825
0.03167723 0.82201903
0.03201067 0.82108474
0.03234411 0.82015530
0.03267756 0.81923065
0.03301100 0.81831069
0.03334445 0.81739538
0.03367789 0.81648463
0.03401134 0.81557837
0.03434478 0.81467655
0.03467823 0.81377909
0.03501167 0.81288594
0.03534512 0.81199703
0.03567856 0.81111231
0.03601200 0.81023171
0.03634545 0.80935518
0.03667889 0.80848266
0.03701234 0.80761409
0.03734578 0.80674943
0.03767923 0.80588862
0.03801267 0.80503162
0.03834612 0.80417836
0.03867956 0.80332880
0.03901300 0.80248290
0.03934645 0.80164061
0.03967989 0.80080187
0.04001334 0.79996666
0.04034678 0.79913492
0.04068023 0.79830660
0.04101367 0.79748168
0.04134712 0.79666010
0.04168056 0.79584183
0.04201400 0.79502682
0.04234745 0.79421504
0.04268089 0.79340645
0.04301434 0.79260102
0.04334778 0.79179870
0.04368123 0.79099946
0.04401467 0.79020326
0.04434812 0.78941008
0.04468156 0.78861987
0.04501501 0.78783260
0.04534845 0.78704825
0.04568189 0.78626677
0.04601534 0.78548814
0.04634878 0.78471233
0.04668223 0.78393930
0.04701567 0.78316902
0.04734912 0.78240148
0.04768256 0.78163663
0.04801601 0.78087445
0.04834945 0.78011492
0.04868289 0.77935800
0.04901634 0.77860366
0.04934978 0.77785189
0.04968323 0.77710265
0.05001667 0.77635593
0.05035012 0.77561168
0.05068356 0.77486990
0.05101701 0.77413056
0.05135045 0.77339362
0.05168389 0.77265908
0.05201734 0.77192690
0.05235078 0.77119706
0.05268423 0.77046955
0.05301767 0.76974433
0.05335112 0.76902139
0.05368456 0.76830071
0.05401801 0.76758226
0.05435145 0.76686602
0.05468489 0.76615198
0.05501834 0.76544012
0.05535178 0.76473040
0.05568523 0.76402282
0.05601867 0.76331736
0.05635212 0.76261399
0.05668556 0.76191270
0.05701901 0.76121347
0.05735245 0.76051628
0.05768590 0.75982112
0.05801934 0.75912796
0.05835278 0.75843679
0.05868623 0.75774759
0.05901967 0.75706035
0.05935312 0.75637505
0.05968656 0.75569167
0.06002001 0.75501019
0.06035345 0.75433061
0.06068690 0.75365290
0.06102034 0.75297705
0.06135378 0.75230304
0.06168723 0.75163086
0.06202067 0.75096050
0.06235412 0.75029193
0.06268756 0.74962516
0.06302101 0.74896015
0.06335445 0.74829690
0.06368790 0.74763539
0.06402134 0.74697561
0.06435478 0.74631755
0.06468823 0.74566119
0.06502167 0.74500652
0.06535512 0.74435353
0.06568856 0.74370220
0.06602201 0.74305252
0.06635545 0.74240448
0.06668890 0.74175807
0.06702234 0.74111327
0.06735579 0.74047007
0.06768923 0.73982846
0.06802267 0.73918843
0.06835612 0.73854997
0.06868956 0.73791306
0.06902301 0.73727770
0.06935645 0.73664387
0.06968990 0.73601156
0.07002334 0.73538076
0.07035679 0.73475146
0.07069023 0.73412366
0.07102367 0.73349733
0.07135712 0.73287247
0.07169056 0.73224906
0.07202401 0.73162711
0.07235745 0.73100659
0.07269090 0.73038751
0.07302434 0.72976984
0.07335779 0.72915358
0.07369123 0.72853871
0.07402467 0.72792524
0.07435812 0.72731315
0.07469156 0.72670243
0.07502501 0.72609307
0.07535845 0.72548506
0.07569190 0.72487840
0.07602534 0.72427307
0.07635879 0.72366906
0.07669223 0.72306638
0.07702568 0.72246500
0.07735912 0.72186493
0.07769256 0.72126614
0.07802601 0.72066864
0.07835945 0.72007241
0.07869290 0.71947746
0.07902634 0.71888376
0.07935979 0.71829131
0.07969323 0.71770010
0.08002668 0.71711014
0.08036012 0.71652139
0.08069356 0.71593387
0.08102701 0.71534756
0.08136045 0.71476246
0.08169390 0.71417856
0.08202734 0.71359584
0.08236079 0.71301431
0.08269423 0.71243395
0.08302768 0.71185477
0.08336112 0.71127674
0.08369456 0.71069987
0.08402801 0.71012415
0.08436145 0.70954957
0.08469490 0.70897612
0.08502834 0.70840380
0.08536179 0.70783260
0.08569523 0.70726252
0.08602868 0.70669355
0.08636212 0.70612567
0.08669557 0.70555889
0.08702901 0.70499320
0.08736245 0.70442860
0.08769590 0.70386507
0.08802934 0.70330261
0.08836279 0.70274121
0.08869623 0.70218087
0.08902968 0.70162159
0.08936312 0.70106335
0.08969657 0.70050615
0.09003001 0.69994999
0.09036345 0.69939485
0.09069690 0.69884074
0.09103034 0.69828765
0.09136379 0.69773557
0.09169723 0.69718449
0.09203068 0.69663442
0.09236412 0.69608534
0.09269757 0.69553725
0.09303101 0.69499015
0.09336445 0.69444402
0.09369790 0.69389887
0.09403134 0.69335469
0.09436479 0.69281148
0.09469823 0.69226922
0.09503168 0.69172792
0.09536512 0.69118756
0.09569857 0.69064815
0.09603201 0.69010968
0.09636546 0.68957214
0.09669890 0.68903553
0.09703234 0.68849985
0.09736579 0.68796508
0.09769923 0.68743123
0.09803268 0.68689830
0.09836612 0.68636626
0.09869957 0.68583513
0.09903301 0.68530489
0.09936646 0.68477555
0.09969990 0.68424709
0.10003334 0.68371952
0.10036679 0.68319282
0.10070023 0.68266700
0.10103368 0.68214205
0.10136712 0.68161796
0.10170057 0.68109474
0.10203401 0.68057237
0.10236746 0.68005085
0.10270090 0.67953019
0.10303434 0.67901037
0.10336779 0.67849139
0.10370123 0.67797324
0.10403468 0.67745593
0.10436812 0.67693944
0.10470157 0.67642378
0.10503501 0.67590895
0.10536846 0.67539492
0.10570190 0.67488171
0.10603535 0.67436931
0.10636879 0.67385772
0.10670223 0.67334692
0.10703568 0.67283692
0.10736912 0.67232772
0.10770257 0.67181931
0.10803601 0.67131168
0.10836946 0.67080484
0.10870290 0.67029877
0.10903635 0.66979348
0.10936979 0.66928896
0.10970323 0.66878521
0.11003668 0.66828223
0.11037012 0.66778001
0.11070357 0.66727854
0.11103701 0.66677783
0.11137046 0.66627787
0.11170390 0.66577866
0.11203735 0.66528020
0.11237079 0.66478247
0.11270423 0.66428549
0.11303768 0.66378923
0.11337112 0.66329371
0.11370457 0.66279892
0.11403801 0.66230485
0.11437146 0.66181151
0.11470490 0.66131888
0.11503835 0.66082697
0.11537179 0.66033577
0.11570524 0.65984528
0.11603868 0.65935549
0.11637212 0.65886641
0.11670557 0.65837803
0.11703901 0.65789035
0.11737246 0.65740336
0.11770590 0.65691706
0.11803935 0.65643145
0.11837279 0.65594653
0.11870624 0.65546229
0.11903968 0.65497873
0.11937312 0.65449584
0.11970657 0.65401363
0.12004001 0.65353209
0.12037346 0.65305122
0.12070690 0.65257101
0.12104035 0.65209147
0.12137379 0.65161258
0.12170724 0.65113436
0.12204068 0.65065679
0.12237412 0.65017987
0.12270757 0.64970360
0.12304101 0.64922797
0.12337446 0.64875300
0.12370790 0.64827866
0.12404135 0.64780496
0.12437479 0.64733190
0.12470824 0.64685947
0.12504168 0.64638767
0.12537513 0.64591650
0.12570857 0.64544596
0.12604201 0.64497604
0.12637546 0.64450674
0.12670890 0.64403806
0.12704235 0.64357000
0.12737579 0.64310255
0.12770924 0.64263571
0.12804268 0.64216948
0.12837613 0.64170386
0.12870957 0.64123884
0.12904301 0.64077442
0.12937646 0.64031061
0.12970990 0.63984739
0.13004335 0.63938476
0.13037679 0.63892273
0.13071024 0.63846129
0.13104368 0.63800044
0.13137713 0.63754017
0.13171057 0.63708049
0.13204401 0.63662139
0.13237746 0.63616287
0.13271090 0.63570492
0.13304435 0.63524755
0.13337779 0.63479076
0.13371124 0.63433453
0.13404468 0.63387887
0.13437813 0.63342378
0.13471157 0.63296925
0.13504502 0.63251529
0.13537846 0.63206188
0.13571190 0.63160903
0.13604535 0.63115674
0.13637879 0.63070501
0.13671224 0.63025382
0.13704568 0.62980318
0.13737913 0.62935310
0.13771257 0.62890356
0.13804602 0.62845456
0.13837946 0.62800610
0.13871290 0.62755819
0.13904635 0.62711081
0.13937979 0.62666397
0.13971324 0.62621766
0.14004668 0.62577188
0.14038013 0.62532664
0.14071357 0.62488192
0.14104702 0.62443773
0.14138046 0.62399407
0.14171390 0.62355093
0.14204735 0.62310831
0.14238079 0.62266620
0.14271424 0.62222462
0.14304768 0.62178355
0.14338113 0.62134300
0.14371457 0.62090295
0.14404802 0.62046342
0.14438146 0.62002439
0.14471490 0.61958588
0.14504835 0.61914786
0.14538179 0.61871035
0.14571524 0.61827335
0.14604868 0.61783684
0.14638213 0.61740083
0.14671557 0.61696531
0.14704902 0.61653029
0.14738246 0.61609577
0.14771591 0.61566173
0.14804935 0.61522818
0.14838279 0.61479513
0.14871624 0.61436256
0.14904968 0.61393047
0.14938313 0.61349886
0.14971657 0.61306774
0.15005002 0.61263710
0.15038346 0.61220694
0.15071691 0.61177725
0.15105035 0.61134803
0.15138379 0.61091930
0.15171724 0.61049103
0.15205068 0.61006323
0.15238413 0.60963590
0.15271757 0.60920904
0.15305102 0.60878265
0.15338446 0.60835672
0.15371791 0.60793125
0.15405135 0.60750624
0.15438479 0.60708169
0.15471824 0.60665761
0.15505168 0.60623397
0.15538513 0.60581080
0.15571857 0.60538807
0.15605202 0.60496580
0.15638546 0.60454398
0.15671891 0.60412261
0.15705235 0.60370169
0.15738580 0.60328121
0.15771924 0.60286118
0.15805268 0.60244160
0.15838613 0.60202245
0.15871957 0.60160375
0.15905302 0.60118548
0.15938646 0.60076766
0.15971991 0.60035027
0.16005335 0.59993332
0.16038680 0.59951680
0.16072024 0.59910071
0.16105368 0.59868506
0.16138713 0.59826983
0.16172057 0.59785503
0.16205402 0.59744067
0.16238746 0.59702672
0.16272091 0.59661320
0.16305435 0.59620011
0.16338780 0.59578744
0.16372124 0.59537519
0.16405468 0.59496335
0.16438813 0.59455194
0.16472157 0.59414094
0.16505502 0.59373036
0.16538846 0.59332020
0.16572191 0.59291044
0.16605535 0.59250110
0.16638880 0.59209217
0.16672224 0.59168365
0.16705569 0.59127554
0.16738913 0.59086783
0.16772257 0.59046053
0.16805602 0.59005364
0.16838946 0.58964715
0.16872291 0.58924106
0.16905635 0.58883537
0.16938980 0.58843008
0.16972324 0.58802519
0.17005669 0.58762070
0.17039013 0.58721661
0.17072357 0.58681291
0.17105702 0.58640960
0.17139046 0.58600669
0.17172391 0.58560417
0.17205735 0.58520203
0.17239080 0.58480029
0.17272424 0.58439894
0.17305769 0.58399797
0.17339113 0.58359739
0.17372457 0.58319720
0.17405802 0.58279739
0.17439146 0.58239796
0.17472491 0.58199891
0.17505835 0.58160025
0.17539180 0.58120196
0.17572524 0.58080405
0.17605869 0.58040652
0.17639213 0.58000937
0.17672558 0.57961259
0.17705902 0.57921618
0.17739246 0.57882015
0.17772591 0.57842449
0.17805935 0.57802920
0.17839280 0.57763428
0.17872624 0.57723973
0.17905969 0.57684555
0.17939313 0.57645174
0.17972658 0.57605829
0.18006002 0.57566520
0.18039346 0.57527248
0.18072691 0.57488012
0.18106035 0.57448813
0.18139380 0.57409649
0.18172724 0.57370522
0.18206069 0.57331430
0.18239413 0.57292374
0.18272758 0.57253354
0.18306102 0.57214369
0.18339446 0.57175420
0.18372791 0.57136506
0.18406135 0.57097628
0.18439480 0.57058785
0.18472824 0.57019976
0.18506169 0.56981203
0.18539513 0.56942465
0.18572858 0.56903762
0.18606202 0.56865093
0.18639547 0.56826459
0.18672891 0.56787859
0.18706235 0.56749294
0.18739580 0.56710764
0.18772924 0.56672267
0.18806269 0.56633805
0.18839613 0.56595377
0.18872958 0.56556983
0.18906302 0.56518622
0.18939647 0.56480296
0.18972991 0.56442003
0.19006335 0.56403744
0.19039680 0.56365518
0.19073024 0.56327326
0.19106369 0.56289167
0.19139713 0.56251042
0.19173058 0.56212950
0.19206402 0.56174891
0.19239747 0.56136864
0.19273091 0.56098871
0.19306435 0.56060911
0.19339780 0.56022983
0.19373124 0.55985088
0.19406469 0.55947226
0.19439813 0.55909396
0.19473158 0.55871599
0.19506502 0.55833834
0.19539847 0.55796101
0.19573191 0.55758401
0.19606536 0.55720732
0.19639880 0.55683096
0.19673224 0.55645491
0.19706569 0.55607919
0.19739913 0.55570378
0.19773258 0.55532869
0.19806602 0.55495391
0.19839947 0.55457945
0.19873291 0.55420530
0.19906636 0.55383147
0.19939980 0.55345795
0.19973324 0.55308475
0.20006669 0.55271185
0.20040013 0.55233927
0.20073358 0.55196699
0.20106702 0.55159502
0.20140047 0.55122337
0.20173391 0.55085202
0.20206736 0.55048097
0.20240080 0.55011024
0.20273424 0.54973980
0.20306769 0.54936968
0.20340113 0.54899985
0.20373458 0.54863033
0.20406802 0.54826111
0.20440147 0.54789220
0.20473491 0.54752358
0.20506836 0.54715526
0.20540180 0.54678725
0.20573525 0.54641953
0.20606869 0.54605211
0.20640213 0.54568498
0.20673558 0.54531816
0.20706902 0.54495163
0.20740247 0.54458539
0.20773591 0.54421945
0.20806936 0.54385380
0.20840280 0.54348844
0.20873625 0.54312338
0.20906969 0.54275861
0.20940313 0.54239413
0.20973658 0.54202994
0.21007002 0.54166604
0.21040347 0.54130242
0.21073691 0.54093910
0.21107036 0.54057606
0.21140380 0.54021331
0.21173725 0.53985084
0.21207069 0.53948866
0.21240413 0.53912677
0.21273758 0.53876516
0.21307102 0.53840383
0.21340447 0.53804279
0.21373791 0.53768202
0.21407136 0.53732154
0.21440480 0.53696134
0.21473825 0.53660142
0.21507169 0.53624178
0.21540514 0.53588241
0.21573858 0.53552333
0.21607202 0.53516452
0.21640547 0.53480599
0.21673891 0.53444773
0.21707236 0.53408975
0.21740580 0.53373205
0.21773925 0.53337462
0.21807269 0.53301746
0.21840614 0.53266058
0.21873958 0.53230397
0.21907302 0.53194763
0.21940647 0.53159156
0.21973991 0.53123576
0.22007336 0.53088023
0.22040680 0.53052497
0.22074025 0.53016998
0.22107369 0.52981526
0.22140714 0.52946080
0.22174058 0.52910661
0.22207402 0.52875269
0.22240747 0.52839904
0.22274091 0.52804564
0.22307436 0.52769252
0.22340780 0.52733965
0.22374125 0.52698705
0.22407469 0.52663472
0.22440814 0.52628264
0.22474158 0.52593083
0.22507503 0.52557927
0.22540847 0.52522798
0.22574191 0.52487695
0.22607536 0.52452617
0.22640880 0.52417566
0.22674225 0.52382540
0.22707569 0.52347540
0.22740914 0.52312566
0.22774258 0.52277617
0.22807603 0.52242694
0.22840947 0.52207797
0.22874291 0.52172925
0.22907636 0.52138078
0.22940980 0.52103257
0.22974325 0.52068461
0.23007669 0.52033690
0.23041014 0.51998944
0.23074358 0.51964224
0.23107703 0.51929528
0.23141047 0.51894858
0.23174391 0.51860212
0.23207736 0.51825592
0.23241080 0.51790996
0.23274425 0.51756425
0.23307769 0.51721879
0.23341114 0.51687358
0.23374458 0.51652861
0.23407803 0.51618389
0.23441147 0.51583942
0.23474491 0.51549519
0.23507836 0.51515120
0.23541180 0.51480746
0.23574525 0.51446396
0.23607869 0.51412070
0.23641214 0.51377769
0.23674558 0.51343492
0.23707903 0.51309238
0.23741247 0.51275009
0.23774592 0.51240804
0.23807936 0.51206623
0.23841280 0.51172466
0.23874625 0.51138333
0.23907969 0.51104224
0.23941314 0.51070138
0.23974658 0.51036076
0.24008003 0.51002038
0.24041347 0.50968024
0.24074692 0.50934033
0.24108036 0.50900065
0.24141380 0.50866121
0.24174725 0.50832201
0.24208069 0.50798304
0.24241414 0.50764430
0.24274758 0.50730579
0.24308103 0.50696752
0.24341447 0.50662948
0.24374792 0.50629167
0.24408136 0.50595409
0.24441480 0.50561674
0.24474825 0.50527963
0.24508169 0.50494274
0.24541514 0.50460608
0.24574858 0.50426965
0.24608203 0.50393344
0.24641547 0.50359747
0.24674892 0.50326172
0.24708236 0.50292620
0.24741581 0.50259091
0.24774925 0.50225584
0.24808269 0.50192100
0.24841614 0.50158638
0.24874958 0.50125198
0.24908303 0.50091781
0.24941647 0.50058387
0.24974992 0.50025015
0.25008336 0.49991665
0.25041681 0.49958337
0.25075025 0.49925031
0.25108369 0.49891748
0.25141714 0.49858486
0.25175058 0.49825247
0.25208403 0.49792030
0.25241747 0.49758834
0.25275092 0.49725661
0.25308436 0.49692509
0.25341781 0.49659380
0.25375125 0.49626272
0.25408469 0.49593185
0.25441814 0.49560121
0.25475158 0.49527078
0.25508503 0.49494057
0.25541847 0.49461057
0.25575192 0.49428079
0.25608536 0.49395123
0.25641881 0.49362187
0.25675225 0.49329274
0.25708570 0.49296381
0.25741914 0.49263510
0.25775258 0.49230660
0.25808603 0.49197832
0.25841947 0.49165025
0.25875292 0.49132238
0.25908636 0.49099473
0.25941981 0.49066729
0.25975325 0.49034006
0.26008670 0.49001304
0.26042014 0.48968623
0.26075358 0.48935963
0.26108703 0.48903324
0.26142047 0.48870706
0.26175392 0.48838108
0.26208736 0.48805531
0.26242081 0.48772975
0.26275425 0.48740440
0.26308770 0.48707925
0.26342114 0.48675431
0.26375458 0.48642957
0.26408803 0.48610504
0.26442147 0.48578071
0.26475492 0.48545659
0.26508836 0.48513267
0.26542181 0.48480896
0.26575525 0.48448545
0.26608870 0.48416214
0.26642214 0.48383904
0.26675559 0.48351613
0.26708903 0.48319343
0.26742247 0.48287093
0.26775592 0.48254863
0.26808936 0.48222653
0.26842281 0.48190463
0.26875625 0.48158294
0.26908970 0.48126144
0.26942314 0.48094014
0.26975659 0.48061904
0.27009003 0.48029813
0.27042347 0.47997743
0.27075692 0.47965692
0.27109036 0.47933661
0.27142381 0.47901650
0.27175725 0.47869658
0.27209070 0.47837686
0.27242414 0.47805734
0.27275759 0.47773801
0.27309103 0.47741888
0.27342447 0.47709994
0.27375792 0.47678119
0.27409136 0.47646264
0.27442481 0.47614429
0.27475825 0.47582612
0.27509170 0.47550815
0.27542514 0.47519038
0.27575859 0.47487279
0.27609203 0.47455540
0.27642548 0.47423820
0.27675892 0.47392118
0.27709236 0.47360437
0.27742581 0.47328774
0.27775925 0.47297130
0.27809270 0.47265505
0.27842614 0.47233899
0.27875959 0.47202312
0.27909303 0.47170744
0.27942648 0.47139195
0.27975992 0.47107664
0.28009336 0.47076152
0.28042681 0.47044659
0.28076025 0.47013185
0.28109370 0.46981730
0.28142714 0.46950293
0.28176059 0.46918875
0.28209403 0.46887475
0.28242748 0.46856094
0.28276092 0.46824731
0.28309436 0.46793387
0.28342781 0.46762062
0.28376125 0.46730754
0.28409470 0.46699465
0.28442814 0.46668195
0.28476159 0.46636943
0.28509503 0.46605709
0.28542848 0.46574493
0.28576192 0.46543296
0.28609537 0.46512117
0.28642881 0.46480956
0.28676225 0.46449813
0.28709570 0.46418688
0.28742914 0.46387581
0.28776259 0.46356493
0.28809603 0.46325422
0.28842948 0.46294369
0.28876292 0.46263335
0.28909637 0.46232318
0.28942981 0.46201319
0.28976325 0.46170338
0.29009670 0.46139374
0.29043014 0.46108429
0.29076359 0.46077501
0.29109703 0.46046591
0.29143048 0.46015699
0.29176392 0.45984824
0.29209737 0.45953967
0.29243081 0.45923128
0.29276425 0.45892306
0.29309770 0.45861502
0.29343114 0.45830715
0.29376459 0.45799946
0.29409803 0.45769194
0.29443148 0.45738460
0.29476492 0.45707743
0.29509837 0.45677043
0.29543181 0.45646361
0.29576526 0.45615696
0.29609870 0.45585048
0.29643214 0.45554418
0.29676559 0.45523804
0.29709903 0.45493208
0.29743248 0.45462630
0.29776592 0.45432068
0.29809937 0.45401523
0.29843281 0.45370996
0.29876626 0.45340485
0.29909970 0.45309992
0.29943314 0.45279515
0.29976659 0.45249056
0.30010003 0.45218613
0.30043348 0.45188188
0.30076692 0.45157779
0.30110037 0.45127387
0.30143381 0.45097012
0.30176726 0.45066654
0.30210070 0.45036312
0.30243414 0.45005987
0.30276759 0.44975679
0.30310103 0.44945388
0.30343448 0.44915113
0.30376792 0.44884855
0.30410137 0.44854613
0.30443481 0.44824388
0.30476826 0.44794180
0.30510170 0.44763988
0.30543515 0.44733813
0.30576859 0.44703654
0.30610203 0.44673511
0.30643548 0.44643385
0.30676892 0.44613276
0.30710237 0.44583182
0.30743581 0.44553105
0.30776926 0.44523045
0.30810270 0.44493000
0.30843615 0.44462972
0.30876959 0.44432960
0.30910303 0.44402965
0.30943648 0.44372985
0.30976992 0.44343022
0.31010337 0.44313074
0.31043681 0.44283143
0.31077026 0.44253228
0.31110370 0.44223329
0.31143715 0.44193446
0.31177059 0.44163579
0.31210403 0.44133728
0.31243748 0.44103893
0.31277092 0.44074074
0.31310437 0.44044270
0.31343781 0.44014483
0.31377126 0.43984711
0.31410470 0.43954955
0.31443815 0.43925215
0.31477159 0.43895491
0.31510504 0.43865783
0.31543848 0.43836090
0.31577192 0.43806413
0.31610537 0.43776751
0.31643881 0.43747106
0.31677226 0.43717475
0.31710570 0.43687861
0.31743915 0.43658262
0.31777259 0.43628678
0.31810604 0.43599110
0.31843948 0.43569558
0.31877292 0.43540021
0.31910637 0.43510499
0.31943981 0.43480993
0.31977326 0.43451502
0.32010670 0.43422027
0.32044015 0.43392567
0.32077359 0.43363122
0.32110704 0.43333693
0.32144048 0.43304279
0.32177392 0.43274880
0.32210737 0.43245496
0.32244081 0.43216128
0.32277426 0.43186775
0.32310770 0.43157436
0.32344115 0.43128114
0.32377459 0.43098806
0.32410804 0.43069513
0.32444148 0.43040235
0.32477492 0.43010973
0.32510837 0.42981725
0.32544181 0.42952492
0.32577526 0.42923275
0.32610870 0.42894072
0.32644215 0.42864884
0.32677559 0.42835711
0.32710904 0.42806553
0.32744248 0.42777410
0.32777593 0.42748282
0.32810937 0.42719168
0.32844281 0.42690069
0.32877626 0.42660985
0.32910970 0.42631916
0.32944315 0.42602862
0.32977659 0.42573822
0.33011004 0.42544797
0.33044348 0.42515786
0.33077693 0.42486791
0.33111037 0.42457809
0.33144381 0.42428843
0.33177726 0.42399891
0.33211070 0.42370953
0.33244415 0.42342030
0.33277759 0.42313122
0.33311104 0.42284228
0.33344448 0.42255348
0.33377793 0.42226483
0.33411137 0.42197632
0.33444481 0.42168796
0.33477826 0.42139974
0.33511170 0.42111167
0.33544515 0.42082373
0.33577859 0.42053594
0.33611204 0.42024830
0.33644548 0.41996079
0.33677893 0.41967343
0.33711237 0.41938621
0.33744582 0.41909913
0.33777926 0.41881220
0.33811270 0.41852541
0.33844615 0.41823875
0.33877959 0.41795224
0.33911304 0.41766587
0.33944648 0.41737964
0.33977993 0.41709355
0.34011337 0.41680760
0.34044682 0.41652180
0.34078026 0.41623613
0.34111370 0.41595060
0.34144715 0.41566521
0.34178059 0.41537996
0.34211404 0.41509485
0.34244748 0.41480987
0.34278093 0.41452504
0.34311437 0.41424035
0.34344782 0.41395579
0.34378126 0.41367137
0.34411470 0.41338709
0.34444815 0.41310295
0.34478159 0.41281894
0.34511504 0.41253507
0.34544848 0.41225134
0.34578193 0.41196775
0.34611537 0.41168429
0.34644882 0.41140097
0.34678226 0.41111779
0.34711571 0.41083474
0.34744915 0.41055183
0.34778259 0.41026905
0.34811604 0.40998641
0.34844948 0.40970390
0.34878293 0.40942153
0.34911637 0.40913930
0.34944982 0.40885719
0.34978326 0.40857523
0.35011671 0.40829340
0.35045015 0.40801170
0.35078359 0.40773013
0.35111704 0.40744870
0.35145048 0.40716741
0.35178393 0.40688624
0.35211737 0.40660521
0.35245082 0.40632432
0.35278426 0.40604355
0.35311771 0.40576292
0.35345115 0.40548242
0.35378459 0.40520206
0.35411804 0.40492182
0.35445148 0.40464172
0.35478493 0.40436175
0.35511837 0.40408191
0.35545182 0.40380220
0.35578526 0.40352262
0.35611871 0.40324318
0.35645215 0.40296386
0.35678560 0.40268468
0.35711904 0.40240562
0.35745248 0.40212670
0.35778593 0.40184791
0.35811937 0.40156924
0.35845282 0.40129071
0.35878626 0.40101230
0.35911971 0.40073403
0.35945315 0.40045588
0.35978660 0.40017786
0.36012004 0.39989997
0.36045348 0.39962222
0.36078693 0.39934458
0.36112037 0.39906708
0.36145382 0.39878971
0.36178726 0.39851246
0.36212071 0.39823534
0.36245415 0.39795835
0.36278760 0.39768148
0.36312104 0.39740475
0.36345448 0.39712814
0.36378793 0.39685165
0.36412137 0.39657530
0.36445482 0.39629907
0.36478826 0.39602296
0.36512171 0.39574698
0.36545515 0.39547113
0.36578860 0.39519541
0.36612204 0.39491981
0.36645549 0.39464433
0.36678893 0.39436898
0.36712237 0.39409376
0.36745582 0.39381866
0.36778926 0.39354368
0.36812271 0.39326883
0.36845615 0.39299411
0.36878960 0.39271951
0.36912304 0.39244503
0.36945649 0.39217068
0.36978993 0.39189645
0.37012337 0.39162234
0.37045682 0.39134836
0.37079026 0.39107450
0.37112371 0.39080077
0.37145715 0.39052715
0.37179060 0.39025366
0.37212404 0.38998029
0.37245749 0.38970705
0.37279093 0.38943393
0.37312437 0.38916093
0.37345782 0.38888805
0.37379126 0.38861529
0.37412471 0.38834265
0.37445815 0.38807014
0.37479160 0.38779775
0.37512504 0.38752548
0.37545849 0.38725333
0.37579193 0.38698130
0.37612538 0.38670939
0.37645882 0.38643760
0.37679226 0.38616593
0.37712571 0.38589438
0.37745915 0.38562296
0.37779260 0.38535165
0.37812604 0.38508046
0.37845949 0.38480939
0.37879293 0.38453844
0.37912638 0.38426761
0.37945982 0.38399690
0.37979326 0.38372631
0.38012671 0.38345583
0.38046015 0.38318548
0.38079360 0.38291524
0.38112704 0.38264512
0.38146049 0.38237512
0.38179393 0.38210524
0.38212738 0.38183548
0.38246082 0.38156583
0.38279426 0.38129630
0.38312771 0.38102689
0.38346115 0.38075760
0.38379460 0.38048842
0.38412804 0.38021936
0.38446149 0.37995042
0.38479493 0.37968159
0.38512838 0.37941288
0.38546182 0.37914428
0.38579527 0.37887581
0.38612871 0.37860744
0.38646215 0.37833920
0.38679560 0.37807107
0.38712904 0.37780305
0.38746249 0.37753515
0.38779593 0.37726737
0.38812938 0.37699970
0.38846282 0.37673214
0.38879627 0.37646470
0.38912971 0.37619738
0.38946315 0.37593017
0.38979660 0.37566307
0.39013004 0.37539609
0.39046349 0.37512922
0.39079693 0.37486247
0.39113038 0.37459583
0.39146382 0.37432930
0.39179727 0.37406289
0.39213071 0.37379659
0.39246415 0.37353040
0.39279760 0.37326433
0.39313104 0.37299837
0.39346449 0.37273252
0.39379793 0.37246679
0.39413138 0.37220117
0.39446482 0.37193565
0.39479827 0.37167026
0.39513171 0.37140497
0.39546516 0.37113980
0.39579860 0.37087473
0.39613204 0.37060978
0.39646549 0.37034494
0.39679893 0.37008022
0.39713238 0.36981560
0.39746582 0.36955109
0.39779927 0.36928670
0.39813271 0.36902242
0.39846616 0.36875824
0.39879960 0.36849418
0.39913304 0.36823023
0.39946649 0.36796639
0.39979993 0.36770265
0.40013338 0.36743903
0.40046682 0.36717552
0.40080027 0.36691212
0.40113371 0.36664882
0.40146716 0.36638564
0.40180060 0.36612257
0.40213404 0.36585960
0.40246749 0.36559675
0.40280093 0.36533400
0.40313438 0.36507136
0.40346782 0.36480883
0.40380127 0.36454641
0.40413471 0.36428410
0.40446816 0.36402189
0.40480160 0.36375979
0.40513505 0.36349780
0.40546849 0.36323592
0.40580193 0.36297415
0.40613538 0.36271248
0.40646882 0.36245093
0.40680227 0.36218947
0.40713571 0.36192813
0.40746916 0.36166689
0.40780260 0.36140576
0.40813605 0.36114474
0.40846949 0.36088382
0.40880293 0.36062301
0.40913638 0.36036231
0.40946982 0.36010171
0.40980327 0.35984122
0.41013671 0.35958083
0.41047016 0.35932055
0.41080360 0.35906038
0.41113705 0.35880031
0.41147049 0.35854034
0.41180393 0.35828049
0.41213738 0.35802073
0.41247082 0.35776109
0.41280427 0.35750154
0.41313771 0.35724210
0.41347116 0.35698277
0.41380460 0.35672354
0.41413805 0.35646442
0.41447149 0.35620540
0.41480493 0.35594648
0.41513838 0.35568767
0.41547182 0.35542896
0.41580527 0.35517036
0.41613871 0.35491186
0.41647216 0.35465346
0.41680560 0.35439517
0.41713905 0.35413698
0.41747249 0.35387889
0.41780594 0.35362090
0.41813938 0.35336302
0.41847282 0.35310524
0.41880627 0.35284757
0.41913971 0.35259000
0.41947316 0.35233253
0.41980660 0.35207516
0.42014005 0.35181789
0.42047349 0.35156073
0.42080694 0.35130366
0.42114038 0.35104670
0.42147382 0.35078985
0.42180727 0.35053309
0.42214071 0.35027643
0.42247416 0.35001988
0.42280760 0.34976343
0.42314105 0.34950707
0.42347449 0.34925082
0.42380794 0.34899467
0.42414138 0.34873862
0.42447482 0.34848267
0.42480827 0.34822683
0.42514171 0.34797108
0.42547516 0.34771543
0.42580860 0.34745988
0.42614205 0.34720444
0.42647549 0.34694909
0.42680894 0.34669384
0.42714238 0.34643869
0.42747583 0.34618365
0.42780927 0.34592870
0.42814271 0.34567385
0.42847616 0.34541910
0.42880960 0.34516445
0.42914305 0.34490989
0.42947649 0.34465544
0.42980994 0.34440109
0.43014338 0.34414683
0.43047683 0.34389267
0.43081027 0.34363861
0.43114371 0.34338465
0.43147716 0.34313079
0.43181060 0.34287703
0.43214405 0.34262336
0.43247749 0.34236979
0.43281094 0.34211632
0.43314438 0.34186295
0.43347783 0.34160967
0.43381127 0.34135649
0.43414471 0.34110341
0.43447816 0.34085043
0.43481160 0.34059754
0.43514505 0.34034475
0.43547849 0.34009206
0.43581194 0.33983946
0.43614538 0.33958696
0.43647883 0.33933456
0.43681227 0.33908225
0.43714572 0.33883004
0.43747916 0.33857793
0.43781260 0.33832591
0.43814605 0.33807399
0.43847949 0.33782216
0.43881294 0.33757043
0.43914638 0.33731879
0.43947983 0.33706725
0.43981327 0.33681581
0.44014672 0.33656446
0.44048016 0.33631321
0.44081360 0.33606205
0.44114705 0.33581098
0.44148049 0.33556002
0.44181394 0.33530914
0.44214738 0.33505836
0.44248083 0.33480768
0.44281427 0.33455709
0.44314772 0.33430659
0.44348116 0.33405619
0.44381460 0.33380588
0.44414805 0.33355567
0.44448149 0.33330555
0.44481494 0.33305552
0.44514838 0.33280559
0.44548183 0.33255575
0.44581527 0.33230600
0.44614872 0.33205635
0.44648216 0.33180679
0.44681561 0.33155733
0.44714905 0.33130796
0.44748249 0.33105868
0.44781594 0.33080949
0.44814938 0.33056040
0.44848283 0.33031140
0.44881627 0.33006249
0.44914972 0.32981367
0.44948316 0.32956495
0.44981661 0.32931631
0.45015005 0.32906778
0.45048349 0.32881933
0.45081694 0.32857097
0.45115038 0.32832271
0.45148383 0.32807454
0.45181727 0.32782646
0.45215072 0.32757847
0.45248416 0.32733057
0.45281761 0.32708276
0.45315105 0.32683505
0.45348449 0.32658743
0.45381794 0.32633989
0.45415138 0.32609245
0.45448483 0.32584510
0.45481827 0.32559784
0.45515172 0.32535067
0.45548516 0.32510359
0.45581861 0.32485660
0.45615205 0.32460970
0.45648550 0.32436290
0.45681894 0.32411618
0.45715238 0.32386955
0.45748583 0.32362301
0.45781927 0.32337656
0.45815272 0.32313021
0.45848616 0.32288394
0.45881961 0.32263776
0.45915305 0.32239167
0.45948650 0.32214567
0.45981994 0.32189976
0.46015338 0.32165393
0.46048683 0.32140820
0.46082027 0.32116256
0.46115372 0.32091700
0.46148716 0.32067154
0.46182061 0.32042616
0.46215405 0.32018087
0.46248750 0.31993567
0.46282094 0.31969056
0.46315438 0.31944553
0.46348783 0.31920060
0.46382127 0.31895575
0.46415472 0.31871099
0.46448816 0.31846632
0.46482161 0.31822173
0.46515505 0.31797724
0.46548850 0.31773283
0.46582194 0.31748851
0.46615539 0.31724427
0.46648883 0.31700012
0.46682227 0.31675607
0.46715572 0.31651209
0.46748916 0.31626821
0.46782261 0.31602441
0.46815605 0.31578070
0.46848950 0.31553707
0.46882294 0.31529354
0.46915639 0.31505009
0.46948983 0.31480672
0.46982327 0.31456344
0.47015672 0.31432025
0.47049016 0.31407714
0.47082361 0.31383413
0.47115705 0.31359119
0.47149050 0.31334834
0.47182394 0.31310558
0.47215739 0.31286291
0.47249083 0.31262032
0.47282427 0.31237781
0.47315772 0.31213539
0.47349116 0.31189306
0.47382461 0.31165081
0.47415805 0.31140865
0.47449150 0.31116657
0.47482494 0.31092457
0.47515839 0.31068267
0.47549183 0.31044084
0.47582528 0.31019910
0.47615872 0.30995745
0.47649216 0.30971588
0.47682561 0.30947440
0.47715905 0.30923300
0.47749250 0.30899168
0.47782594 0.30875045
0.47815939 0.30850930
0.47849283 0.30826824
0.47882628 0.30802726
0.47915972 0.30778636
0.47949316 0.30754555
0.47982661 0.30730482
0.48016005 0.30706418
0.48049350 0.30682362
0.48082694 0.30658314
0.48116039 0.30634275
0.48149383 0.30610243
0.48182728 0.30586221
0.48216072 0.30562206
0.48249416 0.30538200
0.48282761 0.30514202
0.48316105 0.30490213
0.48349450 0.30466231
0.48382794 0.30442258
0.48416139 0.30418294
0.48449483 0.30394337
0.48482828 0.30370389
0.48516172 0.30346449
0.48549517 0.30322517
0.48582861 0.30298593
0.48616205 0.30274678
0.48649550 0.30250771
0.48682894 0.30226872
0.48716239 0.30202981
0.48749583 0.30179098
0.48782928 0.30155224
0.48816272 0.30131357
0.48849617 0.30107499
0.48882961 0.30083649
0.48916305 0.30059807
0.48949650 0.30035974
0.48982994 0.30012148
0.49016339 0.29988330
0.49049683 0.29964521
0.49083028 0.29940720
0.49116372 0.29916926
0.49149717 0.29893141
0.49183061 0.29869364
0.49216405 0.29845595
0.49249750 0.29821834
0.49283094 0.29798081
0.49316439 0.29774336
0.49349783 0.29750599
0.49383128 0.29726870
0.49416472 0.29703149
0.49449817 0.29679436
0.49483161 0.29655732
0.49516506 0.29632035
0.49549850 0.29608346
0.49583194 0.29584665
0.49616539 0.29560992
0.49649883 0.29537327
0.49683228 0.29513670
0.49716572 0.29490020
0.49749917 0.29466379
0.49783261 0.29442746
0.49816606 0.29419120
0.49849950 0.29395503
0.49883294 0.29371893
0.49916639 0.29348292
0.49949983 0.29324698
0.49983328 0.29301112
0.50016672 0.29277534
0.50050017 0.29253964
0.50083361 0.29230401
0.50116706 0.29206847
0.50150050 0.29183300
0.50183394 0.29159761
0.50216739 0.29136230
0.50250083 0.29112707
0.50283428 0.29089191
0.50316772 0.29065684
0.50350117 0.29042184
0.50383461 0.29018692
0.50416806 0.28995207
0.50450150 0.28971731
0.50483494 0.28948262
0.50516839 0.28924801
0.50550183 0.28901348
0.50583528 0.28877902
0.50616872 0.28854464
0.50650217 0.28831034
0.50683561 0.28807612
0.50716906 0.28784197
0.50750250 0.28760790
0.50783595 0.28737391
0.50816939 0.28713999
0.50850283 0.28690615
0.50883628 0.28667239
0.50916972 0.28643870
0.50950317 0.28620509
0.50983661 0.28597156
0.51017006 0.28573810
0.51050350 0.28550472
0.51083695 0.28527142
0.51117039 0.28503819
0.51150383 0.28480504
0.51183728 0.28457196
0.51217072 0.28433896
0.51250417 0.28410604
0.51283761 0.28387319
0.51317106 0.28364041
0.51350450 0.28340772
0.51383795 0.28317509
0.51417139 0.28294255
0.51450483 0.28271008
0.51483828 0.28247768
0.51517172 0.28224536
0.51550517 0.28201311
0.51583861 0.28178094
0.51617206 0.28154885
0.51650550 0.28131683
0.51683895 0.28108488
0.51717239 0.28085301
0.51750584 0.28062122
0.51783928 0.28038949
0.51817272 0.28015785
0.51850617 0.27992628
0.51883961 0.27969478
0.51917306 0.27946335
0.51950650 0.27923201
0.51983995 0.27900073
0.52017339 0.27876953
0.52050684 0.27853840
0.52084028 0.27830735
0.52117372 0.27807637
0.52150717 0.27784547
0.52184061 0.27761464
0.52217406 0.27738388
0.52250750 0.27715320
0.52284095 0.27692259
0.52317439 0.27669205
0.52350784 0.27646159
0.52384128 0.27623120
0.52417472 0.27600088
0.52450817 0.27577064
0.52484161 0.27554047
0.52517506 0.27531037
0.52550850 0.27508035
0.52584195 0.27485040
0.52617539 0.27462052
0.52650884 0.27439071
0.52684228 0.27416098
0.52717573 0.27393132
0.52750917 0.27370174
0.52784261 0.27347222
0.52817606 0.27324278
0.52850950 0.27301341
0.52884295 0.27278411
0.52917639 0.27255489
0.52950984 0.27232573
0.52984328 0.27209665
0.53017673 0.27186765
0.53051017 0.27163871
0.53084361 0.27140984
0.53117706 0.27118105
0.53151050 0.27095233
0.53184395 0.27072368
0.53217739 0.27049510
0.53251084 0.27026660
0.53284428 0.27003816
0.53317773 0.26980980
0.53351117 0.26958151
0.53384461 0.26935329
0.53417806 0.26912514
0.53451150 0.26889706
0.53484495 0.26866906
0.53517839 0.26844112
0.53551184 0.26821326
0.53584528 0.26798546
0.53617873 0.26775774
0.53651217 0.26753009
0.53684562 0.26730251
0.53717906 0.26707500
0.53751250 0.26684756
0.53784595 0.26662019
0.53817939 0.26639289
0.53851284 0.26616566
0.53884628 0.26593850
0.53917973 0.26571141
0.53951317 0.26548440
0.53984662 0.26525745
0.54018006 0.26503057
0.54051350 0.26480376
0.54084695 0.26457703
0.54118039 0.26435036
0.54151384 0.26412376
0.54184728 0.26389723
0.54218073 0.26367078
0.54251417 0.26344439
0.54284762 0.26321807
0.54318106 0.26299182
0.54351450 0.26276564
0.54384795 0.26253953
0.54418139 0.26231349
0.54451484 0.26208751
0.54484828 0.26186161
0.54518173 0.26163578
0.54551517 0.26141001
0.54584862 0.26118432
0.54618206 0.26095869
0.54651551 0.26073313
0.54684895 0.26050764
0.54718239 0.26028222
0.54751584 0.26005687
0.54784928 0.25983158
0.54818273 0.25960637
0.54851617 0.25938122
0.54884962 0.25915615
0.54918306 0.25893114
0.54951651 0.25870619
0.54984995 0.25848132
0.55018339 0.25825652
0.55051684 0.25803178
0.55085028 0.25780711
0.55118373 0.25758251
0.55151717 0.25735798
0.55185062 0.25713351
0.55218406 0.25690912
0.55251751 0.25668479
0.55285095 0.25646053
0.55318439 0.25623633
0.55351784 0.25601220
0.55385128 0.25578815
0.55418473 0.25556415
0.55451817 0.25534023
0.55485162 0.25511637
0.55518506 0.25489258
0.55551851 0.25466886
0.55585195 0.25444521
0.55618540 0.25422162
0.55651884 0.25399810
0.55685228 0.25377464
0.55718573 0.25355126
0.55751917 0.25332793
0.55785262 0.25310468
0.55818606 0.25288149
0.55851951 0.25265837
0.55885295 0.25243532
0.55918640 0.25221233
0.55951984 0.25198941
0.55985328 0.25176656
0.56018673 0.25154377
0.56052017 0.25132105
0.56085362 0.25109839
0.56118706 0.25087580
0.56152051 0.25065328
0.56185395 0.25043082
0.56218740 0.25020843
0.56252084 0.24998611
0.56285428 0.24976385
0.56318773 0.24954165
0.56352117 0.24931953
0.56385462 0.24909746
0.56418806 0.24887547
0.56452151 0.24865354
0.56485495 0.24843167
0.56518840 0.24820987
0.56552184 0.24798814
0.56585529 0.24776647
0.56618873 0.24754487
0.56652217 0.24732333
0.56685562 0.24710185
0.56718906 0.24688045
0.56752251 0.24665910
0.56785595 0.24643782
0.56818940 0.24621661
0.56852284 0.24599546
0.56885629 0.24577438
0.56918973 0.24555336
0.56952317 0.24533241
0.56985662 0.24511152
0.57019006 0.24489069
0.57052351 0.24466993
0.57085695 0.24444924
0.57119040 0.24422861
0.57152384 0.24400804
0.57185729 0.24378754
0.57219073 0.24356710
0.57252417 0.24334673
0.57285762 0.24312642
0.57319106 0.24290617
0.57352451 0.24268599
0.57385795 0.24246587
0.57419140 0.24224582
0.57452484 0.24202583
0.57485829 0.24180590
0.57519173 0.24158604
0.57552518 0.24136624
0.57585862 0.24114651
0.57619206 0.24092684
0.57652551 0.24070723
0.57685895 0.24048769
0.57719240 0.24026821
0.57752584 0.24004879
0.57785929 0.23982944
0.57819273 0.23961015
0.57852618 0.23939092
0.57885962 0.23917175
0.57919306 0.23895265
0.57952651 0.23873362
0.57985995 0.23851464
0.58019340 0.23829573
0.58052684 0.23807688
0.58086029 0.23785809
0.58119373 0.23763937
0.58152718 0.23742071
0.58186062 0.23720211
0.58219406 0.23698358
0.58252751 0.23676510
0.58286095 0.23654669
0.58319440 0.23632834
0.58352784 0.23611006
0.58386129 0.23589184
0.58419473 0.23567367
0.58452818 0.23545558
0.58486162 0.23523754
0.58519507 0.23501957
0.58552851 0.23480165
0.58586195 0.23458380
0.58619540 0.23436602
0.58652884 0.23414829
0.58686229 0.23393062
0.58719573 0.23371302
0.58752918 0.23349548
0.58786262 0.23327800
0.58819607 0.23306059
0.58852951 0.23284323
0.58886295 0.23262594
0.58919640 0.23240870
0.58952984 0.23219153
0.58986329 0.23197442
0.59019673 0.23175737
0.59053018 0.23154039
0.59086362 0.23132346
0.59119707 0.23110660
0.59153051 0.23088979
0.59186395 0.23067305
0.59219740 0.23045637
0.59253084 0.23023975
0.59286429 0.23002319
0.59319773 0.22980669
0.59353118 0.22959025
0.59386462 0.22937388
0.59419807 0.22915756
0.59453151 0.22894131
0.59486495 0.22872511
0.59519840 0.22850898
0.59553184 0.22829290
0.59586529 0.22807689
0.59619873 0.22786094
0.59653218 0.22764504
0.59686562 0.22742921
0.59719907 0.22721344
0.59753251 0.22699773
0.59786596 0.22678208
0.59819940 0.22656649
0.59853284 0.22635096
0.59886629 0.22613548
0.59919973 0.22592007
0.59953318 0.22570472
0.59986662 0.22548943
0.60020007 0.22527420
0.60053351 0.22505903
0.60086696 0.22484392
0.60120040 0.22462886
0.60153384 0.22441387
0.60186729 0.22419894
0.60220073 0.22398406
0.60253418 0.22376925
0.60286762 0.22355449
0.60320107 0.22333980
0.60353451 0.22312516
0.60386796 0.22291059
0.60420140 0.22269607
0.60453484 0.22248161
0.60486829 0.22226721
0.60520173 0.22205287
0.60553518 0.22183859
0.60586862 0.22162437
0.60620207 0.22141021
0.60653551 0.22119610
0.60686896 0.22098206
0.60720240 0.22076807
0.60753585 0.22055414
0.60786929 0.22034027
0.60820273 0.22012646
0.60853618 0.21991271
0.60886962 0.21969902
0.60920307 0.21948538
0.60953651 0.21927181
0.60986996 0.21905829
0.61020340 0.21884483
0.61053685 0.21863143
0.61087029 0.21841808
0.61120373 0.21820480
0.61153718 0.21799157
0.61187062 0.21777841
0.61220407 0.21756529
0.61253751 0.21735224
0.61287096 0.21713925
0.61320440 0.21692631
0.61353785 0.21671343
0.61387129 0.21650061
0.61420473 0.21628785
0.61453818 0.21607514
0.61487162 0.21586250
0.61520507 0.21564991
0.61553851 0.21543737
0.61587196 0.21522490
0.61620540 0.21501248
0.61653885 0.21480012
0.61687229 0.21458782
0.61720574 0.21437558
0.61753918 0.21416339
0.61787262 0.21395126
0.61820607 0.21373919
0.61853951 0.21352717
0.61887296 0.21331521
0.61920640 0.21310331
0.61953985 0.21289146
0.61987329 0.21267968
0.62020674 0.21246795
0.62054018 0.21225627
0.62087362 0.21204466
0.62120707 0.21183310
0.62154051 0.21162159
0.62187396 0.21141015
0.62220740 0.21119876
0.62254085 0.21098742
0.62287429 0.21077615
0.62320774 0.21056493
0.62354118 0.21035376
0.62387462 0.21014266
0.62420807 0.20993160
0.62454151 0.20972061
0.62487496 0.20950967
0.62520840 0.20929879
0.62554185 0.20908796
0.62587529 0.20887720
0.62620874 0.20866648
0.62654218 0.20845583
0.62687563 0.20824522
0.62720907 0.20803468
0.62754251 0.20782419
0.62787596 0.20761376
0.62820940 0.20740338
0.62854285 0.20719306
0.62887629 0.20698279
0.62920974 0.20677258
0.62954318 0.20656243
0.62987663 0.20635233
0.63021007 0.20614229
0.63054351 0.20593230
0.63087696 0.20572237
0.63121040 0.20551249
0.63154385 0.20530267
0.63187729 0.20509290
0.63221074 0.20488319
0.63254418 0.20467354
0.63287763 0.20446394
0.63321107 0.20425439
0.63354451 0.20404490
0.63387796 0.20383547
0.63421140 0.20362609
0.63454485 0.20341677
0.63487829 0.20320750
0.63521174 0.20299828
0.63554518 0.20278912
0.63587863 0.20258002
0.63621207 0.20237097
0.63654552 0.20216197
0.63687896 0.20195303
0.63721240 0.20174415
0.63754585 0.20153532
0.63787929 0.20132654
0.63821274 0.20111782
0.63854618 0.20090915
0.63887963 0.20070054
0.63921307 0.20049198
0.63954652 0.20028348
0.63987996 0.20007503
0.64021340 0.19986663
0.64054685 0.19965829
0.64088029 0.19945001
0.64121374 0.19924177
0.64154718 0.19903359
0.64188063 0.19882547
0.64221407 0.19861740
0.64254752 0.19840938
0.64288096 0.19820142
0.64321440 0.19799351
0.64354785 0.19778566
0.64388129 0.19757786
0.64421474 0.19737011
0.64454818 0.19716242
0.64488163 0.19695478
0.64521507 0.19674719
0.64554852 0.19653966
0.64588196 0.19633218
0.64621541 0.19612476
0.64654885 0.19591739
0.64688229 0.19571007
0.64721574 0.19550280
0.64754918 0.19529559
0.64788263 0.19508843
0.64821607 0.19488133
0.64854952 0.19467428
0.64888296 0.19446728
0.64921641 0.19426034
0.64954985 0.19405344
0.64988329 0.19384661
0.65021674 0.19363982
0.65055018 0.19343309
0.65088363 0.19322641
0.65121707 0.19301978
0.65155052 0.19281321
0.65188396 0.19260669
0.65221741 0.19240022
0.65255085 0.19219380
0.65288429 0.19198744
0.65321774 0.19178113
0.65355118 0.19157487
0.65388463 0.19136867
0.65421807 0.19116252
0.65455152 0.19095642
0.65488496 0.19075037
0.65521841 0.19054438
0.65555185 0.19033843
0.65588530 0.19013254
0.65621874 0.18992671
0.65655218 0.18972092
0.65688563 0.18951519
0.65721907 0.18930951
0.65755252 0.18910388
0.65788596 0.18889830
0.65821941 0.18869278
0.65855285 0.18848731
0.65888630 0.18828189
0.65921974 0.18807652
0.65955318 0.18787120
0.65988663 0.18766594
0.66022007 0.18746073
0.66055352 0.18725556
0.66088696 0.18705046
0.66122041 0.18684540
0.66155385 0.18664039
0.66188730 0.18643544
0.66222074 0.18623054
0.66255418 0.18602569
0.66288763 0.18582089
0.66322107 0.18561614
0.66355452 0.18541144
0.66388796 0.18520680
0.66422141 0.18500220
0.66455485 0.18479766
0.66488830 0.18459317
0.66522174 0.18438873
0.66555519 0.18418434
0.66588863 0.18398001
0.66622207 0.18377572
0.66655552 0.18357149
0.66688896 0.18336730
0.66722241 0.18316317
0.66755585 0.18295909
0.66788930 0.18275506
0.66822274 0.18255108
0.66855619 0.18234715
0.66888963 0.18214327
0.66922307 0.18193944
0.66955652 0.18173567
0.66988996 0.18153194
0.67022341 0.18132827
0.67055685 0.18112464
0.67089030 0.18092107
0.67122374 0.18071754
0.67155719 0.18051407
0.67189063 0.18031065
0.67222407 0.18010728
0.67255752 0.17990396
0.67289096 0.17970069
0.67322441 0.17949747
0.67355785 0.17929430
0.67389130 0.17909118
0.67422474 0.17888811
0.67455819 0.17868509
0.67489163 0.17848212
0.67522508 0.17827920
0.67555852 0.17807633
0.67589196 0.17787351
0.67622541 0.17767074
0.67655885 0.17746802
0.67689230 0.17726535
0.67722574 0.17706274
0.67755919 0.17686017
0.67789263 0.17665765
0.67822608 0.17645518
0.67855952 0.17625276
0.67889296 0.17605039
0.67922641 0.17584807
0.67955985 0.17564580
0.67989330 0.17544358
0.68022674 0.17524140
0.68056019 0.17503928
0.68089363 0.17483721
0.68122708 0.17463519
0.68156052 0.17443321
0.68189396 0.17423129
0.68222741 0.17402941
0.68256085 0.17382759
0.68289430 0.17362581
0.68322774 0.17342409
0.68356119 0.17322241
0.68389463 0.17302078
0.68422808 0.17281920
0.68456152 0.17261767
0.68489496 0.17241619
0.68522841 0.17221476
0.68556185 0.17201337
0.68589530 0.17181204
0.68622874 0.17161075
0.68656219 0.17140952
0.68689563 0.17120833
0.68722908 0.17100719
0.68756252 0.17080610
0.68789597 0.17060506
0.68822941 0.17040407
0.68856285 0.17020312
0.68889630 0.17000223
0.68922974 0.16980138
0.68956319 0.16960059
0.68989663 0.16939984
0.69023008 0.16919914
0.69056352 0.16899848
0.69089697 0.16879788
0.69123041 0.16859732
0.69156385 0.16839682
0.69189730 0.16819636
0.69223074 0.16799595
0.69256419 0.16779559
0.69289763 0.16759527
0.69323108 0.16739501
0.69356452 0.16719479
0.69389797 0.16699462
0.69423141 0.16679450
0.69456485 0.16659442
0.69489830 0.16639440
0.69523174 0.16619442
0.69556519 0.16599449
0.69589863 0.16579461
0.69623208 0.16559478
0.69656552 0.16539499
0.69689897 0.16519525
0.69723241 0.16499556
0.69756586 0.16479592
0.69789930 0.16459633
0.69823274 0.16439678
0.69856619 0.16419728
0.69889963 0.16399783
0.69923308 0.16379842
0.69956652 0.16359907
0.69989997 0.16339976
0.70023341 0.16320050
0.70056686 0.16300128
0.70090030 0.16280211
0.70123374 0.16260299
0.70156719 0.16240392
0.70190063 0.16220490
0.70223408 0.16200592
0.70256752 0.16180699
0.70290097 0.16160811
0.70323441 0.16140927
0.70356786 0.16121048
0.70390130 0.16101174
0.70423474 0.16081305
0.70456819 0.16061440
0.70490163 0.16041580
0.70523508 0.16021724
0.70556852 0.16001874
0.70590197 0.15982028
0.70623541 0.15962186
0.70656886 0.15942350
0.70690230 0.15922518
0.70723575 0.15902691
0.70756919 0.15882868
0.70790263 0.15863050
0.70823608 0.15843237
0.70856952 0.15823428
0.70890297 0.15803624
0.70923641 0.15783825
0.70956986 0.15764030
0.70990330 0.15744240
0.71023675 0.15724455
0.71057019 0.15704675
0.71090363 0.15684898
0.71123708 0.15665127
0.71157052 0.15645360
0.71190397 0.15625598
0.71223741 0.15605841
0.71257086 0.15586088
0.71290430 0.15566340
0.71323775 0.15546596
0.71357119 0.15526857
0.71390463 0.15507122
0.71423808 0.15487393
0.71457152 0.15467667
0.71490497 0.15447947
0.71523841 0.15428231
0.71557186 0.15408520
0.71590530 0.15388813
0.71623875 0.15369110
0.71657219 0.15349413
0.71690564 0.15329720
0.71723908 0.15310031
0.71757252 0.15290347
0.71790597 0.15270668
0.71823941 0.15250993
0.71857286 0.15231323
0.71890630 0.15211658
0.71923975 0.15191996
0.71957319 0.15172340
0.71990664 0.15152688
0.72024008 0.15133041
0.72057352 0.15113398
0.72090697 0.15093759
0.72124041 0.15074126
0.72157386 0.15054496
0.72190730 0.15034872
0.72224075 0.15015252
0.72257419 0.14995636
0.72290764 0.14976025
0.72324108 0.14956418
0.72357452 0.14936816
0.72390797 0.14917219
0.72424141 0.14897626
0.72457486 0.14878037
0.72490830 0.14858453
0.72524175 0.14838873
0.72557519 0.14819298
0.72590864 0.14799728
0.72624208 0.14780162
0.72657553 0.14760600
0.72690897 0.14741043
0.72724241 0.14721491
0.72757586 0.14701943
0.72790930 0.14682399
0.72824275 0.14662860
0.72857619 0.14643325
0.72890964 0.14623795
0.72924308 0.14604269
0.72957653 0.14584748
0.72990997 0.14565231
0.73024341 0.14545719
0.73057686 0.14526211
0.73091030 0.14506708
0.73124375 0.14487209
0.73157719 0.14467714
0.73191064 0.14448224
0.73224408 0.14428738
0.73257753 0.14409257
0.73291097 0.14389780
0.73324441 0.14370308
0.73357786 0.14350840
0.73391130 0.14331377
0.73424475 0.14311918
0.73457819 0.14292463
0.73491164 0.14273013
0.73524508 0.14253567
0.73557853 0.14234125
0.73591197 0.14214688
0.73624542 0.14195256
0.73657886 0.14175827
0.73691230 0.14156404
0.73724575 0.14136984
0.73757919 0.14117569
0.73791264 0.14098158
0.73824608 0.14078752
0.73857953 0.14059350
0.73891297 0.14039953
0.73924642 0.14020560
0.73957986 0.14001171
0.73991330 0.13981787
0.74024675 0.13962407
0.74058019 0.13943031
0.74091364 0.13923660
0.74124708 0.13904293
0.74158053 0.13884930
0.74191397 0.13865572
0.74224742 0.13846218
0.74258086 0.13826868
0.74291430 0.13807523
0.74324775 0.13788182
0.74358119 0.13768846
0.74391464 0.13749514
0.74424808 0.13730186
0.74458153 0.13710862
0.74491497 0.13691543
0.74524842 0.13672228
0.74558186 0.13652918
0.74591531 0.13633612
0.74624875 0.13614310
0.74658219 0.13595012
0.74691564 0.13575719
0.74724908 0.13556430
0.74758253 0.13537145
0.74791597 0.13517865
0.74824942 0.13498589
0.74858286 0.13479317
0.74891631 0.13460049
0.74924975 0.13440786
0.74958319 0.13421527
0.74991664 0.13402273
0.75025008 0.13383022
0.75058353 0.13363776
0.75091697 0.13344534
0.75125042 0.13325297
0.75158386 0.13306064
0.75191731 0.13286835
0.75225075 0.13267610
0.75258419 0.13248389
0.75291764 0.13229173
0.75325108 0.13209961
0.75358453 0.13190753
0.75391797 0.13171550
0.75425142 0.13152351
0.75458486 0.13133156
0.75491831 0.13113965
0.75525175 0.13094779
0.75558520 0.13075596
0.75591864 0.13056418
0.75625208 0.13037245
0.75658553 0.13018075
0.75691897 0.12998910
0.75725242 0.12979748
0.75758586 0.12960592
0.75791931 0.12941439
0.75825275 0.12922290
0.75858620 0.12903146
0.75891964 0.12884006
0.75925308 0.12864870
0.75958653 0.12845739
0.75991997 0.12826611
0.76025342 0.12807488
0.76058686 0.12788369
0.76092031 0.12769254
0.76125375 0.12750143
0.76158720 0.12731037
0.76192064 0.12711934
0.76225408 0.12692836
0.76258753 0.12673742
0.76292097 0.12654652
0.76325442 0.12635567
0.76358786 0.12616485
0.76392131 0.12597408
0.76425475 0.12578335
0.76458820 0.12559266
0.76492164 0.12540201
0.76525509 0.12521141
0.76558853 0.12502084
0.76592197 0.12483032
0.76625542 0.12463983
0.76658886 0.12444939
0.76692231 0.12425900
0.76725575 0.12406864
0.76758920 0.12387832
0.76792264 0.12368805
0.76825609 0.12349781
0.76858953 0.12330762
0.76892297 0.12311747
0.76925642 0.12292736
0.76958986 0.12273729
0.76992331 0.12254726
0.77025675 0.12235728
0.77059020 0.12216733
0.77092364 0.12197743
0.77125709 0.12178756
0.77159053 0.12159774
0.77192397 0.12140796
0.77225742 0.12121822
0.77259086 0.12102852
0.77292431 0.12083886
0.77325775 0.12064924
0.77359120 0.12045967
0.77392464 0.12027013
0.77425809 0.12008064
0.77459153 0.11989118
0.77492497 0.11970177
0.77525842 0.11951240
0.77559186 0.11932306
0.77592531 0.11913377
0.77625875 0.11894452
0.77659220 0.11875531
0.77692564 0.11856614
0.77725909 0.11837702
0.77759253 0.11818793
0.77792598 0.11799888
0.77825942 0.11780987
0.77859286 0.11762091
0.77892631 0.11743198
0.77925975 0.11724310
0.77959320 0.11705425
0.77992664 0.11686545
0.78026009 0.11667668
0.78059353 0.11648796
0.78092698 0.11629927
0.78126042 0.11611063
0.78159386 0.11592203
0.78192731 0.11573346
0.78226075 0.11554494
0.78259420 0.11535646
0.78292764 0.11516801
0.78326109 0.11497961
0.78359453 0.11479125
0.78392798 0.11460293
0.78426142 0.11441465
0.78459486 0.11422640
0.78492831 0.11403820
0.78526175 0.11385004
0.78559520 0.11366192
0.78592864 0.11347383
0.78626209 0.11328579
0.78659553 0.11309779
0.78692898 0.11290983
0.78726242 0.11272190
0.78759587 0.11253402
0.78792931 0.11234618
0.78826275 0.11215837
0.78859620 0.11197061
0.78892964 0.11178289
0.78926309 0.11159520
0.78959653 0.11140756
0.78992998 0.11121995
0.79026342 0.11103238
0.79059687 0.11084486
0.79093031 0.11065737
0.79126375 0.11046992
0.79159720 0.11028252
0.79193064 0.11009515
0.79226409 0.10990782
0.79259753 0.10972053
0.79293098 0.10953328
0.79326442 0.10934607
0.79359787 0.10915890
0.79393131 0.10897177
0.79426475 0.10878468
0.79459820 0.10859762
0.79493164 0.10841061
0.79526509 0.10822363
0.79559853 0.10803670
0.79593198 0.10784980
0.79626542 0.10766294
0.79659887 0.10747613
0.79693231 0.10728935
0.79726576 0.10710261
0.79759920 0.10691591
0.79793264 0.10672924
0.79826609 0.10654262
0.79859953 0.10635604
0.79893298 0.10616949
0.79926642 0.10598299
0.79959987 0.10579652
0.79993331 0.10561009
0.80026676 0.10542370
0.80060020 0.10523735
0.80093364 0.10505104
0.80126709 0.10486476
0.80160053 0.10467853
0.80193398 0.10449234
0.80226742 0.10430618
0.80260087 0.10412006
0.80293431 0.10393398
0.80326776 0.10374794
0.80360120 0.10356194
0.80393464 0.10337597
0.80426809 0.10319005
0.80460153 0.10300416
0.80493498 0.10281831
0.80526842 0.10263250
0.80560187 0.10244673
0.80593531 0.10226100
0.80626876 0.10207531
0.80660220 0.10188965
0.80693565 0.10170403
0.80726909 0.10151845
0.80760253 0.10133291
0.80793598 0.10114741
0.80826942 0.10096195
0.80860287 0.10077652
0.80893631 0.10059113
0.80926976 0.10040578
0.80960320 0.10022047
0.80993665 0.10003520
0.81027009 0.09984996
0.81060353 0.09966477
0.81093698 0.09947961
0.81127042 0.09929449
0.81160387 0.09910940
0.81193731 0.09892436
0.81227076 0.09873935
0.81260420 0.09855438
0.81293765 0.09836945
0.81327109 0.09818456
0.81360453 0.09799970
0.81393798 0.09781489
0.81427142 0.09763011
0.81460487 0.09744537
0.81493831 0.09726066
0.81527176 0.09707600
0.81560520 0.09689137
0.81593865 0.09670678
0.81627209 0.09652222
0.81660554 0.09633771
0.81693898 0.09615323
0.81727242 0.09596879
0.81760587 0.09578439
0.81793931 0.09560003
0.81827276 0.09541570
0.81860620 0.09523141
0.81893965 0.09504716
0.81927309 0.09486294
0.81960654 0.09467877
0.81993998 0.09449463
0.82027342 0.09431053
0.82060687 0.09412646
0.82094031 0.09394243
0.82127376 0.09375844
0.82160720 0.09357449
0.82194065 0.09339058
0.82227409 0.09320670
0.82260754 0.09302286
0.82294098 0.09283905
0.82327442 0.09265529
0.82360787 0.09247156
0.82394131 0.09228787
0.82427476 0.09210421
0.82460820 0.09192060
0.82494165 0.09173702
0.82527509 0.09155347
0.82560854 0.09136997
0.82594198 0.09118650
0.82627543 0.09100307
0.82660887 0.09081967
0.82694231 0.09063631
0.82727576 0.09045299
0.82760920 0.09026971
0.82794265 0.09008646
0.82827609 0.08990325
0.82860954 0.08972008
0.82894298 0.08953694
0.82927643 0.08935384
0.82960987 0.08917078
0.82994331 0.08898775
0.83027676 0.08880476
0.83061020 0.08862181
0.83094365 0.08843890
0.83127709 0.08825602
0.83161054 0.08807317
0.83194398 0.08789037
0.83227743 0.08770760
0.83261087 0.08752487
0.83294431 0.08734217
0.83327776 0.08715951
0.83361120 0.08697689
0.83394465 0.08679430
0.83427809 0.08661175
0.83461154 0.08642924
0.83494498 0.08624676
0.83527843 0.08606432
0.83561187 0.08588192
0.83594532 0.08569955
0.83627876 0.08551722
0.83661220 0.08533492
0.83694565 0.08515266
0.83727909 0.08497044
0.83761254 0.08478826
0.83794598 0.08460611
0.83827943 0.08442399
0.83861287 0.08424191
0.83894632 0.08405987
0.83927976 0.08387787
0.83961320 0.08369590
0.83994665 0.08351397
0.84028009 0.08333207
0.84061354 0.08315021
0.84094698 0.08296839
0.84128043 0.08278660
0.84161387 0.08260484
0.84194732 0.08242313
0.84228076 0.08224145
0.84261420 0.08205980
0.84294765 0.08187819
0.84328109 0.08169662
0.84361454 0.08151509
0.84394798 0.08133358
0.84428143 0.08115212
0.84461487 0.08097069
0.84494832 0.08078930
0.84528176 0.08060794
0.84561521 0.08042662
0.84594865 0.08024533
0.84628209 0.08006408
0.84661554 0.07988287
0.84694898 0.07970169
0.84728243 0.07952054
0.84761587 0.07933944
0.84794932 0.07915837
0.84828276 0.07897733
0.84861621 0.07879633
0.84894965 0.07861536
0.84928309 0.07843443
0.84961654 0.07825354
0.84994998 0.07807268
0.85028343 0.07789186
0.85061687 0.07771107
0.85095032 0.07753032
0.85128376 0.07734960
0.85161721 0.07716892
0.85195065 0.07698827
0.85228409 0.07680766
0.85261754 0.07662709
0.85295098 0.07644655
0.85328443 0.07626604
0.85361787 0.07608557
0.85395132 0.07590514
0.85428476 0.07572474
0.85461821 0.07554437
0.85495165 0.07536404
0.85528510 0.07518375
0.85561854 0.07500349
0.85595198 0.07482327
0.85628543 0.07464308
0.85661887 0.07446293
0.85695232 0.07428281
0.85728576 0.07410273
0.85761921 0.07392268
0.85795265 0.07374266
0.85828610 0.07356269
0.85861954 0.07338274
0.85895298 0.07320284
0.85928643 0.07302296
0.85961987 0.07284312
0.85995332 0.07266332
0.86028676 0.07248355
0.86062021 0.07230382
0.86095365 0.07212412
0.86128710 0.07194445
0.86162054 0.07176482
0.86195398 0.07158523
0.86228743 0.07140567
0.86262087 0.07122615
0.86295432 0.07104665
0.86328776 0.07086720
0.86362121 0.07068778
0.86395465 0.07050839
0.86428810 0.07032904
0.86462154 0.07014972
0.86495498 0.06997044
0.86528843 0.06979119
0.86562187 0.06961198
0.86595532 0.06943280
0.86628876 0.06925365
0.86662221 0.06907454
0.86695565 0.06889547
0.86728910 0.06871643
0.86762254 0.06853742
0.86795599 0.06835845
0.86828943 0.06817951
0.86862287 0.06800060
0.86895632 0.06782173
0.86928976 0.06764290
0.86962321 0.06746410
0.86995665 0.06728533
0.87029010 0.06710660
0.87062354 0.06692790
0.87095699 0.06674924
0.87129043 0.06657061
0.87162387 0.06639201
0.87195732 0.06621345
0.87229076 0.06603492
0.87262421 0.06585643
0.87295765 0.06567797
0.87329110 0.06549955
0.87362454 0.06532116
0.87395799 0.06514280
0.87429143 0.06496448
0.87462487 0.06478619
0.87495832 0.06460793
0.87529176 0.06442971
0.87562521 0.06425153
0.87595865 0.06407337
0.87629210 0.06389525
0.87662554 0.06371717
0.87695899 0.06353912
0.87729243 0.06336110
0.87762588 0.06318312
0.87795932 0.06300517
0.87829276 0.06282725
0.87862621 0.06264937
0.87895965 0.06247152
0.87929310 0.06229370
0.87962654 0.06211592
0.87995999 0.06193818
0.88029343 0.06176046
0.88062688 0.06158278
0.88096032 0.06140514
0.88129376 0.06122752
0.88162721 0.06104994
0.88196065 0.06087240
0.88229410 0.06069489
0.88262754 0.06051741
0.88296099 0.06033996
0.88329443 0.06016255
0.88362788 0.05998517
0.88396132 0.05980783
0.88429476 0.05963052
0.88462821 0.05945324
0.88496165 0.05927599
0.88529510 0.05909878
0.88562854 0.05892161
0.88596199 0.05874446
0.88629543 0.05856735
0.88662888 0.05839027
0.88696232 0.05821323
0.88729577 0.05803622
0.88762921 0.05785924
0.88796265 0.05768230
0.88829610 0.05750539
0.88862954 0.05732851
0.88896299 0.05715166
0.88929643 0.05697485
0.88962988 0.05679807
0.88996332 0.05662133
0.89029677 0.05644461
0.89063021 0.05626794
0.89096365 0.05609129
0.89129710 0.05591468
0.89163054 0.05573810
0.89196399 0.05556155
0.89229743 0.05538503
0.89263088 0.05520855
0.89296432 0.05503211
0.89329777 0.05485569
0.89363121 0.05467931
0.89396465 0.05450296
0.89429810 0.05432664
0.89463154 0.05415036
0.89496499 0.05397411
0.89529843 0.05379789
0.89563188 0.05362170
0.89596532 0.05344555
0.89629877 0.05326943
0.89663221 0.05309335
0.89696566 0.05291729
0.89729910 0.05274127
0.89763254 0.05256528
0.89796599 0.05238933
0.89829943 0.05221340
0.89863288 0.05203751
0.89896632 0.05186165
0.89929977 0.05168583
0.89963321 0.05151004
0.89996666 0.05133428
0.90030010 0.05115855
0.90063354 0.05098285
0.90096699 0.05080719
0.90130043 0.05063156
0.90163388 0.05045596
0.90196732 0.05028040
0.90230077 0.05010487
0.90263421 0.04992937
0.90296766 0.04975390
0.90330110 0.04957846
0.90363454 0.04940306
0.90396799 0.04922769
0.90430143 0.04905235
0.90463488 0.04887704
0.90496832 0.04870177
0.90530177 0.04852653
0.90563521 0.04835132
0.90596866 0.04817614
0.90630210 0.04800100
0.90663555 0.04782589
0.90696899 0.04765080
0.90730243 0.04747576
0.90763588 0.04730074
0.90796932 0.04712576
0.90830277 0.04695081
0.90863621 0.04677589
0.90896966 0.04660100
0.90930310 0.04642614
0.90963655 0.04625132
0.90996999 0.04607653
0.91030343 0.04590177
0.91063688 0.04572704
0.91097032 0.04555235
0.91130377 0.04537768
0.91163721 0.04520305
0.91197066 0.04502845
0.91230410 0.04485388
0.91263755 0.04467935
0.91297099 0.04450485
0.91330443 0.04433037
0.91363788 0.04415593
0.91397132 0.04398153
0.91430477 0.04380715
0.91463821 0.04363280
0.91497166 0.04345849
0.91530510 0.04328421
0.91563855 0.04310996
0.91597199 0.04293574
0.91630544 0.04276156
0.91663888 0.04258740
0.91697232 0.04241328
0.91730577 0.04223919
0.91763921 0.04206513
0.91797266 0.04189110
0.91830610 0.04171711
0.91863955 0.04154314
0.91897299 0.04136921
0.91930644 0.04119531
0.91963988 0.04102144
0.91997332 0.04084760
0.92030677 0.04067379
0.92064021 0.04050002
0.92097366 0.04032628
0.92130710 0.04015256
0.92164055 0.03997888
0.92197399 0.03980523
0.92230744 0.03963161
0.92264088 0.03945803
0.92297432 0.03928447
0.92330777 0.03911095
0.92364121 0.03893746
0.92397466 0.03876399
0.92430810 0.03859056
0.92464155 0.03841717
0.92497499 0.03824380
0.92530844 0.03807046
0.92564188 0.03789716
0.92597533 0.03772388
0.92630877 0.03755064
0.92664221 0.03737743
0.92697566 0.03720425
0.92730910 0.03703110
0.92764255 0.03685798
0.92797599 0.03668489
0.92830944 0.03651184
0.92864288 0.03633881
0.92897633 0.03616582
0.92930977 0.03599286
0.92964321 0.03581993
0.92997666 0.03564703
0.93031010 0.03547416
0.93064355 0.03530132
0.93097699 0.03512851
0.93131044 0.03495573
0.93164388 0.03478299
0.93197733 0.03461027
0.93231077 0.03443759
0.93264421 0.03426494
0.93297766 0.03409231
0.93331110 0.03391972
0.93364455 0.03374716
0.93397799 0.03357463
0.93431144 0.03340213
0.93464488 0.03322966
0.93497833 0.03305723
0.93531177 0.03288482
0.93564522 0.03271244
0.93597866 0.03254010
0.93631210 0.03236778
0.93664555 0.03219550
0.93697899 0.03202325
0.93731244 0.03185103
0.93764588 0.03167883
0.93797933 0.03150667
0.93831277 0.03133454
0.93864622 0.03116244
0.93897966 0.03099037
0.93931310 0.03081833
0.93964655 0.03064632
0.93997999 0.03047435
0.94031344 0.03030240
0.94064688 0.03013048
0.94098033 0.02995860
0.94131377 0.02978674
0.94164722 0.02961491
0.94198066 0.02944312
0.94231410 0.02927135
0.94264755 0.02909962
0.94298099 0.02892792
0.94331444 0.02875624
0.94364788 0.02858460
0.94398133 0.02841299
0.94431477 0.02824140
0.94464822 0.02806985
0.94498166 0.02789833
0.94531511 0.02772684
0.94564855 0.02755537
0.94598199 0.02738394
0.94631544 0.02721254
0.94664888 0.02704117
0.94698233 0.02686983
0.94731577 0.02669852
0.94764922 0.02652724
0.94798266 0.02635599
0.94831611 0.02618477
0.94864955 0.02601358
0.94898299 0.02584242
0.94931644 0.02567129
0.94964988 0.02550019
0.94998333 0.02532912
0.95031677 0.02515808
0.95065022 0.02498707
0.95098366 0.02481609
0.95131711 0.02464514
0.95165055 0.02447422
0.95198399 0.02430333
0.95231744 0.02413247
0.95265088 0.02396164
0.95298433 0.02379084
0.95331777 0.02362007
0.95365122 0.02344933
0.95398466 0.02327862
0.95431811 0.02310794
0.95465155 0.02293728
0.95498499 0.02276666
0.95531844 0.02259607
0.95565188 0.02242551
0.95598533 0.02225498
0.95631877 0.02208448
0.95665222 0.02191400
0.95698566 0.02174356
0.95731911 0.02157315
0.95765255 0.02140276
0.95798600 0.02123241
0.95831944 0.02106209
0.95865288 0.02089179
0.95898633 0.02072153
0.95931977 0.02055129
0.95965322 0.02038109
0.95998666 0.02021091
0.96032011 0.02004076
0.96065355 0.01987065
0.96098700 0.01970056
0.96132044 0.01953050
0.96165388 0.01936047
0.96198733 0.01919047
0.96232077 0.01902050
0.96265422 0.01885056
0.96298766 0.01868065
0.96332111 0.01851077
0.96365455 0.01834092
0.96398800 0.01817110
0.96432144 0.01800130
0.96465488 0.01783154
0.96498833 0.01766180
0.96532177 0.01749210
0.96565522 0.01732242
0.96598866 0.01715278
0.96632211 0.01698316
0.96665555 0.01681357
0.96698900 0.01664401
0.96732244 0.01647448
0.96765589 0.01630498
0.96798933 0.01613551
0.96832277 0.01596607
0.96865622 0.01579666
0.96898966 0.01562727
0.96932311 0.01545792
0.96965655 0.01528859
0.96999000 0.01511930
0.97032344 0.01495003
0.97065689 0.01478079
0.97099033 0.01461158
0.97132377 0.01444240
0.97165722 0.01427325
0.97199066 0.01410413
0.97232411 0.01393504
0.97265755 0.01376597
0.97299100 0.01359694
0.97332444 0.01342793
0.97365789 0.01325896
0.97399133 0.01309001
0.97432477 0.01292109
0.97465822 0.01275220
0.97499166 0.01258334
0.97532511 0.01241451
0.97565855 0.01224570
0.97599200 0.01207693
0.97632544 0.01190818
0.97665889 0.01173946
0.97699233 0.01157078
0.97732578 0.01140212
0.97765922 0.01123349
0.97799266 0.01106488
0.97832611 0.01089631
0.97865955 0.01072777
0.97899300 0.01055925
0.97932644 0.01039076
0.97965989 0.01022230
0.97999333 0.01005387
0.98032678 0.00988547
0.98066022 0.00971710
0.98099366 0.00954876
0.98132711 0.00938044
0.98166055 0.00921216
0.98199400 0.00904390
0.98232744 0.00887567
0.98266089 0.00870747
0.98299433 0.00853929
0.98332778 0.00837115
0.98366122 0.00820303
0.98399466 0.00803495
0.98432811 0.00786689
0.98466155 0.00769886
0.98499500 0.00753086
0.98532844 0.00736288
0.98566189 0.00719494
0.98599533 0.00702702
0.98632878 0.00685914
0.98666222 0.00669128
0.98699567 0.00652345
0.98732911 0.00635564
0.98766255 0.00618787
0.98799600 0.00602012
0.98832944 0.00585240
0.98866289 0.00568471
0.98899633 0.00551705
0.98932978 0.00534942
0.98966322 0.00518182
0.98999667 0.00501424
0.99033011 0.00484669
0.99066355 0.00467917
0.99099700 0.00451168
0.99133044 0.00434421
0.99166389 0.00417678
0.99199733 0.00400937
0.99233078 0.00384199
0.99266422 0.00367464
0.99299767 0.00350732
0.99333111 0.00334002
0.99366455 0.00317276
0.99399800 0.00300552
0.99433144 0.00283831
0.99466489 0.00267112
0.99499833 0.00250397
0.99533178 0.00233684
0.99566522 0.00216974
0.99599867 0.00200267
0.99633211 0.00183563
0.99666556 0.00166861
0.99699900 0.00150163
0.99733244 0.00133467
0.99766589 0.00116774
0.99799933 0.00100083
0.99833278 0.00083396
0.99866622 0.00066711
0.99899967 0.00050029
0.99933311 0.00033350
0.99966656 0.00016674
1.00000000 0.00000000
