0.00000000 4.00000000
0.00000044 3.99733289
0.00000178 3.99466667
0.00000400 3.99200134
0.00000712 3.98933689
0.00001112 3.98667334
0.00001601 3.98401068
0.00002179 3.98134890
0.00002846 3.97868802
0.00003602 3.97602802
0.00004447 3.97336892
0.00005381 3.97071070
0.00006404 3.96805337
0.00007516 3.96539694
0.00008717 3.96274139
0.00010007 3.96008673
0.00011385 3.95743296
0.00012853 3.95478008
0.00014410 3.95212809
0.00016055 3.94947699
0.00017790 3.94682678
0.00019613 3.94417746
0.00021525 3.94152903
0.00023527 3.93888148
0.00025617 3.93623483
0.00027796 3.93358907
0.00030064 3.93094419
0.00032422 3.92830021
0.00034868 3.92565711
0.00037403 3.92301491
0.00040027 3.92037359
0.00042740 3.91773316
0.00045541 3.91509363
0.00048432 3.91245498
0.00051412 3.90981722
0.00054481 3.90718035
0.00057638 3.90454437
0.00060885 3.90190928
0.00064221 3.89927508
0.00067645 3.89664177
0.00071159 3.89400935
0.00074761 3.89137782
0.00078452 3.88874718
0.00082233 3.88611742
0.00086102 3.88348856
0.00090060 3.88086059
0.00094107 3.87823350
0.00098243 3.87560731
0.00102468 3.87298200
0.00106782 3.87035759
0.00111185 3.86773406
0.00115677 3.86511142
0.00120258 3.86248968
0.00124928 3.85986882
0.00129686 3.85724885
0.00134534 3.85462977
0.00139471 3.85201158
0.00144496 3.84939428
0.00149611 3.84677787
0.00154814 3.84416235
0.00160107 3.84154772
0.00165488 3.83893397
0.00170958 3.83632112
0.00176518 3.83370916
0.00182166 3.83109808
0.00187903 3.82848790
0.00193729 3.82587861
0.00199644 3.82327020
0.00205648 3.82066268
0.00211741 3.81805606
0.00217923 3.81545032
0.00224194 3.81284547
0.00230554 3.81024152
0.00237002 3.80763845
0.00243540 3.80503627
0.00250167 3.80243498
0.00256882 3.79983458
0.00263687 3.79723507
0.00270580 3.79463645
0.00277563 3.79203872
0.00284634 3.78944187
0.00291794 3.78684592
0.00299044 3.78425086
0.00306382 3.78165668
0.00313809 3.77906340
0.00321325 3.77647101
0.00328930 3.77387950
0.00336624 3.77128888
0.00344407 3.76869916
0.00352279 3.76611032
0.00360240 3.76352237
0.00368290 3.76093532
0.00376429 3.75834915
0.00384656 3.75576387
0.00392973 3.75317948
0.00401379 3.75059598
0.00409873 3.74801337
0.00418457 3.74543165
0.00427129 3.74285082
0.00435891 3.74027088
0.00444741 3.73769182
0.00453680 3.73511366
0.00462708 3.73253639
0.00471826 3.72996000
0.00481032 3.72738451
0.00490327 3.72480990
0.00499711 3.72223619
0.00509184 3.71966336
0.00518746 3.71709143
0.00528397 3.71452038
0.00538136 3.71195022
0.00547965 3.70938095
0.00557883 3.70681257
0.00567890 3.70424509
0.00577985 3.70167849
0.00588170 3.69911278
0.00598443 3.69654795
0.00608806 3.69398402
0.00619257 3.69142098
0.00629798 3.68885883
0.00640427 3.68629757
0.00651145 3.68373719
0.00661952 3.68117771
0.00672848 3.67861912
0.00683834 3.67606141
0.00694908 3.67350459
0.00706071 3.67094867
0.00717323 3.66839363
0.00728663 3.66583949
0.00740093 3.66328623
0.00751612 3.66073386
0.00763220 3.65818238
0.00774917 3.65563179
0.00786702 3.65308209
0.00798577 3.65053328
0.00810540 3.64798536
0.00822593 3.64543833
0.00834734 3.64289219
0.00846965 3.64034694
0.00859284 3.63780258
0.00871692 3.63525910
0.00884189 3.63271652
0.00896776 3.63017482
0.00909451 3.62763402
0.00922215 3.62509410
0.00935068 3.62255508
0.00948010 3.62001694
0.00961041 3.61747970
0.00974160 3.61494334
0.00987369 3.61240787
0.01000667 3.60987329
0.01014054 3.60733960
0.01027529 3.60480680
0.01041094 3.60227489
0.01054747 3.59974387
0.01068490 3.59721374
0.01082321 3.59468450
0.01096242 3.59215615
0.01110251 3.58962869
0.01124349 3.58710211
0.01138537 3.58457643
0.01152813 3.58205164
0.01167178 3.57952773
0.01181632 3.57700472
0.01196175 3.57448259
0.01210807 3.57196136
0.01225528 3.56944101
0.01240338 3.56692155
0.01255237 3.56440298
0.01270224 3.56188531
0.01285301 3.55936852
0.01300467 3.55685262
0.01315721 3.55433761
0.01331065 3.55182349
0.01346498 3.54931026
0.01362019 3.54679792
0.01377629 3.54428646
0.01393329 3.54177590
0.01409117 3.53926623
0.01424994 3.53675745
0.01440960 3.53424955
0.01457016 3.53174255
0.01473160 3.52923643
0.01489393 3.52673121
0.01505715 3.52422687
0.01522126 3.52172342
0.01538626 3.51922087
0.01555214 3.51671920
0.01571892 3.51421842
0.01588659 3.51171853
0.01605515 3.50921953
0.01622459 3.50672142
0.01639493 3.50422420
0.01656615 3.50172787
0.01673827 3.49923243
0.01691127 3.49673788
0.01708517 3.49424422
0.01725995 3.49175145
0.01743562 3.48925956
0.01761218 3.48676857
0.01778964 3.48427847
0.01796798 3.48178925
0.01814721 3.47930093
0.01832733 3.47681349
0.01850834 3.47432694
0.01869024 3.47184129
0.01887302 3.46935652
0.01905670 3.46687264
0.01924127 3.46438965
0.01942673 3.46190755
0.01961307 3.45942634
0.01980031 3.45694602
0.01998843 3.45446659
0.02017745 3.45198805
0.02036735 3.44951040
0.02055815 3.44703364
0.02074983 3.44455777
0.02094240 3.44208278
0.02113587 3.43960869
0.02133022 3.43713549
0.02152546 3.43466317
0.02172159 3.43219175
0.02191861 3.42972121
0.02211652 3.42725156
0.02231532 3.42478281
0.02251501 3.42231494
0.02271559 3.41984796
0.02291705 3.41738187
0.02311941 3.41491668
0.02332266 3.41245237
0.02352679 3.40998895
0.02373182 3.40752642
0.02393773 3.40506478
0.02414454 3.40260402
0.02435223 3.40014416
0.02456082 3.39768519
0.02477029 3.39522711
0.02498065 3.39276991
0.02519190 3.39031361
0.02540404 3.38785820
0.02561708 3.38540367
0.02583100 3.38295004
0.02604581 3.38049729
0.02626150 3.37804543
0.02647809 3.37559447
0.02669557 3.37314439
0.02691394 3.37069520
0.02713320 3.36824690
0.02735334 3.36579949
0.02757438 3.36335297
0.02779631 3.36090734
0.02801912 3.35846260
0.02824283 3.35601875
0.02846742 3.35357579
0.02869290 3.35113372
0.02891928 3.34869253
0.02914654 3.34625224
0.02937469 3.34381284
0.02960373 3.34137432
0.02983366 3.33893670
0.03006448 3.33649996
0.03029619 3.33406412
0.03052879 3.33162916
0.03076228 3.32919509
0.03099666 3.32676192
0.03123193 3.32432963
0.03146809 3.32189823
0.03170513 3.31946772
0.03194307 3.31703810
0.03218190 3.31460937
0.03242161 3.31218153
0.03266222 3.30975458
0.03290371 3.30732852
0.03314609 3.30490335
0.03338937 3.30247906
0.03363353 3.30005567
0.03387858 3.29763317
0.03412452 3.29521155
0.03437135 3.29279083
0.03461908 3.29037099
0.03486769 3.28795205
0.03511719 3.28553399
0.03536757 3.28311682
0.03561885 3.28070055
0.03587102 3.27828516
0.03612408 3.27587066
0.03637803 3.27345705
0.03663286 3.27104433
0.03688859 3.26863250
0.03714520 3.26622156
0.03740271 3.26381151
0.03766110 3.26140235
0.03792039 3.25899408
0.03818056 3.25658670
0.03844162 3.25418020
0.03870358 3.25177460
0.03896642 3.24936989
0.03923015 3.24696606
0.03949477 3.24456313
0.03976028 3.24216108
0.04002668 3.23975992
0.04029397 3.23735966
0.04056215 3.23496028
0.04083122 3.23256179
0.04110117 3.23016420
0.04137202 3.22776749
0.04164376 3.22537167
0.04191638 3.22297674
0.04218990 3.22058270
0.04246430 3.21818955
0.04273960 3.21579729
0.04301578 3.21340591
0.04329286 3.21101543
0.04357082 3.20862584
0.04384967 3.20623714
0.04412941 3.20384932
0.04441005 3.20146240
0.04469157 3.19907636
0.04497398 3.19669122
0.04525728 3.19430696
0.04554147 3.19192359
0.04582655 3.18954112
0.04611251 3.18715953
0.04639937 3.18477883
0.04668712 3.18239902
0.04697576 3.18002010
0.04726528 3.17764207
0.04755570 3.17526493
0.04784700 3.17288868
0.04813920 3.17051332
0.04843228 3.16813885
0.04872626 3.16576527
0.04902112 3.16339258
0.04931687 3.16102077
0.04961351 3.15864986
0.04991105 3.15627984
0.05020947 3.15391070
0.05050878 3.15154246
0.05080898 3.14917510
0.05111007 3.14680863
0.05141205 3.14444306
0.05171492 3.14207837
0.05201867 3.13971457
0.05232332 3.13735166
0.05262886 3.13498964
0.05293528 3.13262852
0.05324260 3.13026828
0.05355081 3.12790893
0.05385990 3.12555046
0.05416989 3.12319289
0.05448076 3.12083621
0.05479252 3.11848042
0.05510518 3.11612552
0.05541872 3.11377150
0.05573315 3.11141838
0.05604847 3.10906614
0.05636468 3.10671480
0.05668178 3.10436434
0.05699977 3.10201478
0.05731865 3.09966610
0.05763842 3.09731831
0.05795908 3.09497141
0.05828063 3.09262541
0.05860306 3.09028029
0.05892639 3.08793606
0.05925060 3.08559272
0.05957571 3.08325027
0.05990171 3.08090871
0.06022859 3.07856804
0.06055636 3.07622825
0.06088503 3.07388936
0.06121458 3.07155136
0.06154502 3.06921425
0.06187636 3.06687802
0.06220858 3.06454269
0.06254169 3.06220824
0.06287569 3.05987469
0.06321058 3.05754202
0.06354636 3.05521025
0.06388303 3.05287936
0.06422058 3.05054936
0.06455903 3.04822025
0.06489837 3.04589203
0.06523860 3.04356470
0.06557971 3.04123827
0.06592172 3.03891272
0.06626461 3.03658805
0.06660840 3.03426428
0.06695307 3.03194140
0.06729864 3.02961941
0.06764509 3.02729831
0.06799243 3.02497809
0.06834066 3.02265877
0.06868979 3.02034034
0.06903980 3.01802279
0.06939070 3.01570614
0.06974249 3.01339037
0.07009517 3.01107549
0.07044874 3.00876151
0.07080319 3.00644841
0.07115854 3.00413620
0.07151478 3.00182488
0.07187191 2.99951445
0.07222992 2.99720491
0.07258883 2.99489626
0.07294862 2.99258850
0.07330931 2.99028163
0.07367088 2.98797565
0.07403335 2.98567056
0.07439670 2.98336636
0.07476094 2.98106304
0.07512608 2.97876062
0.07549210 2.97645909
0.07585901 2.97415844
0.07622681 2.97185869
0.07659550 2.96955982
0.07696508 2.96726184
0.07733555 2.96496476
0.07770691 2.96266856
0.07807916 2.96037325
0.07845229 2.95807883
0.07882632 2.95578531
0.07920124 2.95349267
0.07957704 2.95120092
0.07995374 2.94891006
0.08033132 2.94662009
0.08070980 2.94433100
0.08108916 2.94204281
0.08146942 2.93975551
0.08185056 2.93746910
0.08223259 2.93518357
0.08261551 2.93289894
0.08299932 2.93061520
0.08338402 2.92833234
0.08376961 2.92605038
0.08415609 2.92376930
0.08454346 2.92148911
0.08493172 2.91920982
0.08532087 2.91693141
0.08571091 2.91465389
0.08610184 2.91237726
0.08649365 2.91010152
0.08688636 2.90782667
0.08727995 2.90555271
0.08767444 2.90327964
0.08806981 2.90100746
0.08846608 2.89873617
0.08886323 2.89646577
0.08926128 2.89419625
0.08966021 2.89192763
0.09006003 2.88965990
0.09046074 2.88739305
0.09086234 2.88512710
0.09126483 2.88286203
0.09166821 2.88059786
0.09207248 2.87833457
0.09247764 2.87607217
0.09288369 2.87381067
0.09329063 2.87155005
0.09369846 2.86929032
0.09410717 2.86703148
0.09451678 2.86477353
0.09492727 2.86251647
0.09533866 2.86026030
0.09575093 2.85800502
0.09616410 2.85575063
0.09657815 2.85349713
0.09699310 2.85124451
0.09740893 2.84899279
0.09782565 2.84674196
0.09824326 2.84449201
0.09866176 2.84224296
0.09908115 2.83999479
0.09950143 2.83774752
0.09992260 2.83550113
0.10034466 2.83325563
0.10076761 2.83101103
0.10119145 2.82876731
0.10161618 2.82652448
0.10204179 2.82428254
0.10246830 2.82204149
0.10289570 2.81980133
0.10332398 2.81756206
0.10375316 2.81532368
0.10418322 2.81308619
0.10461418 2.81084959
0.10504602 2.80861387
0.10547875 2.80637905
0.10591237 2.80414512
0.10634689 2.80191207
0.10678229 2.79967992
0.10721858 2.79744865
0.10765576 2.79521828
0.10809383 2.79298879
0.10853279 2.79076020
0.10897264 2.78853249
0.10941337 2.78630567
0.10985500 2.78407974
0.11029752 2.78185471
0.11074093 2.77963056
0.11118522 2.77740730
0.11163041 2.77518493
0.11207648 2.77296345
0.11252345 2.77074285
0.11297130 2.76852315
0.11342005 2.76630434
0.11386968 2.76408642
0.11432020 2.76186938
0.11477161 2.75965324
0.11522391 2.75743799
0.11567711 2.75522362
0.11613119 2.75301015
0.11658616 2.75079756
0.11704202 2.74858586
0.11749876 2.74637506
0.11795640 2.74416514
0.11841493 2.74195611
0.11887435 2.73974797
0.11933465 2.73754072
0.11979585 2.73533436
0.12025794 2.73312889
0.12072091 2.73092431
0.12118478 2.72872062
0.12164953 2.72651782
0.12211517 2.72431591
0.12258171 2.72211489
0.12304913 2.71991475
0.12351744 2.71771551
0.12398664 2.71551715
0.12445674 2.71331969
0.12492772 2.71112311
0.12539959 2.70892743
0.12587235 2.70673263
0.12634599 2.70453873
0.12682053 2.70234571
0.12729596 2.70015358
0.12777228 2.69796234
0.12824949 2.69577199
0.12872758 2.69358253
0.12920657 2.69139396
0.12968644 2.68920628
0.13016721 2.68701949
0.13064886 2.68483359
0.13113141 2.68264858
0.13161484 2.68046446
0.13209916 2.67828122
0.13258437 2.67609888
0.13307048 2.67391743
0.13355747 2.67173686
0.13404535 2.66955719
0.13453412 2.66737840
0.13502378 2.66520050
0.13551433 2.66302350
0.13600577 2.66084738
0.13649809 2.65867215
0.13699131 2.65649781
0.13748542 2.65432437
0.13798042 2.65215181
0.13847630 2.64998014
0.13897308 2.64780936
0.13947074 2.64563947
0.13996930 2.64347046
0.14046874 2.64130235
0.14096907 2.63913513
0.14147030 2.63696880
0.14197241 2.63480335
0.14247541 2.63263880
0.14297930 2.63047514
0.14348408 2.62831236
0.14398975 2.62615048
0.14449631 2.62398948
0.14500376 2.62182937
0.14551210 2.61967016
0.14602133 2.61751183
0.14653145 2.61535439
0.14704246 2.61319784
0.14755435 2.61104218
0.14806714 2.60888741
0.14858082 2.60673353
0.14909538 2.60458054
0.14961084 2.60242844
0.15012718 2.60027723
0.15064441 2.59812691
0.15116254 2.59597747
0.15168155 2.59382893
0.15220145 2.59168128
0.15272224 2.58953451
0.15324392 2.58738864
0.15376649 2.58524365
0.15428995 2.58309956
0.15481430 2.58095635
0.15533954 2.57881403
0.15586567 2.57667261
0.15639269 2.57453207
0.15692060 2.57239242
0.15744939 2.57025366
0.15797908 2.56811579
0.15850966 2.56597881
0.15904112 2.56384272
0.15957348 2.56170752
0.16010672 2.55957321
0.16064085 2.55743979
0.16117588 2.55530725
0.16171179 2.55317561
0.16224859 2.55104486
0.16278628 2.54891499
0.16332487 2.54678602
0.16386434 2.54465793
0.16440470 2.54253074
0.16494595 2.54040443
0.16548808 2.53827902
0.16603111 2.53615449
0.16657503 2.53403085
0.16711984 2.53190810
0.16766554 2.52978624
0.16821212 2.52766527
0.16875960 2.52554519
0.16930796 2.52342600
0.16985722 2.52130770
0.17040736 2.51919029
0.17095840 2.51707377
0.17151032 2.51495814
0.17206313 2.51284339
0.17261684 2.51072954
0.17317143 2.50861658
0.17372691 2.50650450
0.17428328 2.50439332
0.17484054 2.50228302
0.17539869 2.50017362
0.17595773 2.49806510
0.17651766 2.49595747
0.17707848 2.49385073
0.17764018 2.49174489
0.17820278 2.48963993
0.17876627 2.48753586
0.17933064 2.48543268
0.17989591 2.48333039
0.18046207 2.48122899
0.18102911 2.47912848
0.18159704 2.47702886
0.18216587 2.47493012
0.18273558 2.47283228
0.18330618 2.47073533
0.18387768 2.46863926
0.18445006 2.46654409
0.18502333 2.46444980
0.18559749 2.46235641
0.18617254 2.46026390
0.18674848 2.45817229
0.18732531 2.45608156
0.18790303 2.45399172
0.18848163 2.45190277
0.18906113 2.44981472
0.18964152 2.44772755
0.19022279 2.44564127
0.19080496 2.44355588
0.19138802 2.44147138
0.19197196 2.43938777
0.19255679 2.43730504
0.19314252 2.43522321
0.19372913 2.43314227
0.19431663 2.43106222
0.19490503 2.42898305
0.19549431 2.42690478
0.19608448 2.42482739
0.19667554 2.42275090
0.19726749 2.42067529
0.19786033 2.41860058
0.19845406 2.41652675
0.19904868 2.41445381
0.19964419 2.41238176
0.20024058 2.41031061
0.20083787 2.40824034
0.20143605 2.40617096
0.20203511 2.40410247
0.20263507 2.40203487
0.20323591 2.39996816
0.20383765 2.39790234
0.20444027 2.39583740
0.20504378 2.39377336
0.20564819 2.39171021
0.20625348 2.38964794
0.20685966 2.38758657
0.20746673 2.38552609
0.20807469 2.38346649
0.20868354 2.38140779
0.20929328 2.37934997
0.20990391 2.37729304
0.21051543 2.37523701
0.21112784 2.37318186
0.21174114 2.37112760
0.21235532 2.36907423
0.21297040 2.36702175
0.21358637 2.36497016
0.21420322 2.36291946
0.21482097 2.36086965
0.21543960 2.35882073
0.21605913 2.35677270
0.21667954 2.35472556
0.21730084 2.35267930
0.21792304 2.35063394
0.21854612 2.34858947
0.21917009 2.34654588
0.21979495 2.34450319
0.22042070 2.34246138
0.22104734 2.34042046
0.22167487 2.33838044
0.22230329 2.33634130
0.22293260 2.33430305
0.22356279 2.33226570
0.22419388 2.33022923
0.22482586 2.32819365
0.22545873 2.32615896
0.22609248 2.32412516
0.22672713 2.32209225
0.22736266 2.32006023
0.22799909 2.31802910
0.22863640 2.31599885
0.22927460 2.31396950
0.22991369 2.31194104
0.23055368 2.30991346
0.23119455 2.30788678
0.23183631 2.30586098
0.23247896 2.30383608
0.23312250 2.30181206
0.23376693 2.29978894
0.23441225 2.29776670
0.23505846 2.29574535
0.23570556 2.29372490
0.23635354 2.29170533
0.23700242 2.28968665
0.23765219 2.28766886
0.23830284 2.28565196
0.23895439 2.28363595
0.23960682 2.28162083
0.24026015 2.27960660
0.24091436 2.27759325
0.24156946 2.27558080
0.24222546 2.27356924
0.24288234 2.27155856
0.24354011 2.26954878
0.24419877 2.26753989
0.24485832 2.26553188
0.24551876 2.26352477
0.24618009 2.26151854
0.24684231 2.25951320
0.24750542 2.25750876
0.24816942 2.25550520
0.24883431 2.25350253
0.24950008 2.25150075
0.25016675 2.24949986
0.25083431 2.24749986
0.25150275 2.24550075
0.25217209 2.24350253
0.25284231 2.24150520
0.25351343 2.23950876
0.25418543 2.23751320
0.25485832 2.23551854
0.25553210 2.23352477
0.25620678 2.23153188
0.25688234 2.22953989
0.25755879 2.22754879
0.25823613 2.22555857
0.25891436 2.22356924
0.25959348 2.22158081
0.26027349 2.21959326
0.26095439 2.21760660
0.26163617 2.21562083
0.26231885 2.21363596
0.26300242 2.21165197
0.26368687 2.20966887
0.26437222 2.20768666
0.26505845 2.20570534
0.26574558 2.20372491
0.26643359 2.20174536
0.26712250 2.19976671
0.26781229 2.19778895
0.26850297 2.19581208
0.26919454 2.19383609
0.26988701 2.19186100
0.27058036 2.18988679
0.27127460 2.18791348
0.27196973 2.18594105
0.27266575 2.18396951
0.27336266 2.18199887
0.27406045 2.18002911
0.27475914 2.17806024
0.27545872 2.17609226
0.27615919 2.17412518
0.27686054 2.17215898
0.27756279 2.17019367
0.27826592 2.16822925
0.27896995 2.16626571
0.27967486 2.16430307
0.28038067 2.16234132
0.28108736 2.16038046
0.28179494 2.15842048
0.28250342 2.15646140
0.28321278 2.15450321
0.28392303 2.15254590
0.28463417 2.15058949
0.28534620 2.14863396
0.28605912 2.14667933
0.28677293 2.14472558
0.28748763 2.14277272
0.28820321 2.14082075
0.28891969 2.13886968
0.28963706 2.13691949
0.29035532 2.13497019
0.29107446 2.13302178
0.29179450 2.13107426
0.29251542 2.12912763
0.29323724 2.12718188
0.29395994 2.12523703
0.29468353 2.12329307
0.29540802 2.12135000
0.29613339 2.11940781
0.29685965 2.11746652
0.29758680 2.11552612
0.29831484 2.11358660
0.29904377 2.11164798
0.29977359 2.10971024
0.30050430 2.10777339
0.30123590 2.10583744
0.30196839 2.10390237
0.30270177 2.10196819
0.30343603 2.10003490
0.30417119 2.09810250
0.30490724 2.09617099
0.30564417 2.09424037
0.30638200 2.09231064
0.30712071 2.09038180
0.30786032 2.08845385
0.30860081 2.08652679
0.30934219 2.08460061
0.31008447 2.08267533
0.31082763 2.08075094
0.31157168 2.07882743
0.31231662 2.07690482
0.31306245 2.07498309
0.31380917 2.07306226
0.31455678 2.07114231
0.31530528 2.06922325
0.31605467 2.06730508
0.31680495 2.06538781
0.31755611 2.06347142
0.31830817 2.06155592
0.31906112 2.05964131
0.31981495 2.05772759
0.32056968 2.05581476
0.32132529 2.05390282
0.32208180 2.05199177
0.32283919 2.05008160
0.32359747 2.04817233
0.32435665 2.04626395
0.32511671 2.04435645
0.32587766 2.04244985
0.32663950 2.04054414
0.32740223 2.03863931
0.32816585 2.03673538
0.32893036 2.03483233
0.32969576 2.03293017
0.33046205 2.03102890
0.33122923 2.02912853
0.33199729 2.02722904
0.33276625 2.02533044
0.33353610 2.02343273
0.33430683 2.02153591
0.33507846 2.01963998
0.33585097 2.01774494
0.33662438 2.01585079
0.33739867 2.01395753
0.33817386 2.01206515
0.33894993 2.01017367
0.33972689 2.00828308
0.34050474 2.00639337
0.34128348 2.00450456
0.34206312 2.00261663
0.34284364 2.00072960
0.34362505 1.99884345
0.34440734 1.99695819
0.34519053 1.99507383
0.34597461 1.99319035
0.34675958 1.99130776
0.34754544 1.98942606
0.34833218 1.98754525
0.34911982 1.98566533
0.34990834 1.98378630
0.35069776 1.98190816
0.35148806 1.98003091
0.35227926 1.97815455
0.35307134 1.97627908
0.35386431 1.97440449
0.35465818 1.97253080
0.35545293 1.97065800
0.35624857 1.96878608
0.35704510 1.96691506
0.35784252 1.96504492
0.35864083 1.96317568
0.35944003 1.96130732
0.36024012 1.95943985
0.36104110 1.95757328
0.36184297 1.95570759
0.36264572 1.95384279
0.36344937 1.95197888
0.36425391 1.95011586
0.36505933 1.94825373
0.36586565 1.94639249
0.36667285 1.94453214
0.36748095 1.94267268
0.36828993 1.94081410
0.36909980 1.93895642
0.36991057 1.93709963
0.37072222 1.93524373
0.37153476 1.93338871
0.37234819 1.93153459
0.37316251 1.92968135
0.37397772 1.92782901
0.37479382 1.92597755
0.37561081 1.92412698
0.37642869 1.92227730
0.37724746 1.92042852
0.37806711 1.91858062
0.37888766 1.91673361
0.37970910 1.91488749
0.38053142 1.91304226
0.38135464 1.91119792
0.38217874 1.90935447
0.38300374 1.90751191
0.38382962 1.90567024
0.38465639 1.90382945
0.38548406 1.90198956
0.38631261 1.90015056
0.38714205 1.89831244
0.38797238 1.89647522
0.38880360 1.89463888
0.38963571 1.89280344
0.39046871 1.89096888
0.39130260 1.88913521
0.39213738 1.88730244
0.39297305 1.88547055
0.39380961 1.88363955
0.39464705 1.88180944
0.39548539 1.87998022
0.39632462 1.87815189
0.39716473 1.87632445
0.39800574 1.87449790
0.39884763 1.87267224
0.39969042 1.87084747
0.40053409 1.86902359
0.40137865 1.86720059
0.40222410 1.86537849
0.40307045 1.86355728
0.40391768 1.86173695
0.40476580 1.85991752
0.40561481 1.85809897
0.40646471 1.85628131
0.40731550 1.85446455
0.40816718 1.85264867
0.40901975 1.85083368
0.40987320 1.84901959
0.41072755 1.84720638
0.41158279 1.84539406
0.41243891 1.84358263
0.41329593 1.84177209
0.41415383 1.83996244
0.41501263 1.83815368
0.41587231 1.83634580
0.41673289 1.83453882
0.41759435 1.83273273
0.41845670 1.83092753
0.41931994 1.82912321
0.42018408 1.82731979
0.42104910 1.82551725
0.42191501 1.82371561
0.42278181 1.82191485
0.42364950 1.82011499
0.42451808 1.81831601
0.42538754 1.81651792
0.42625790 1.81472072
0.42712915 1.81292441
0.42800129 1.81112900
0.42887431 1.80933447
0.42974823 1.80754083
0.43062303 1.80574808
0.43149873 1.80395621
0.43237531 1.80216524
0.43325279 1.80037516
0.43413115 1.79858597
0.43501040 1.79679767
0.43589055 1.79501025
0.43677158 1.79322373
0.43765350 1.79143809
0.43853631 1.78965335
0.43942001 1.78786949
0.44030460 1.78608653
0.44119008 1.78430445
0.44207645 1.78252326
0.44296370 1.78074296
0.44385185 1.77896356
0.44474089 1.77718504
0.44563082 1.77540741
0.44652163 1.77363067
0.44741334 1.77185482
0.44830593 1.77007986
0.44919942 1.76830579
0.45009379 1.76653260
0.45098905 1.76476031
0.45188521 1.76298891
0.45278225 1.76121839
0.45368018 1.75944877
0.45457900 1.75768004
0.45547871 1.75591219
0.45637931 1.75414524
0.45728080 1.75237917
0.45818318 1.75061399
0.45908645 1.74884971
0.45999061 1.74708631
0.46089566 1.74532380
0.46180159 1.74356218
0.46270842 1.74180145
0.46361614 1.74004161
0.46452474 1.73828266
0.46543424 1.73652460
0.46634462 1.73476743
0.46725590 1.73301115
0.46816806 1.73125576
0.46908111 1.72950125
0.46999506 1.72774764
0.47090989 1.72599492
0.47182561 1.72424308
0.47274222 1.72249214
0.47365972 1.72074208
0.47457811 1.71899292
0.47549739 1.71724464
0.47641756 1.71549725
0.47733862 1.71375075
0.47826057 1.71200515
0.47918340 1.71026043
0.48010713 1.70851660
0.48103175 1.70677366
0.48195725 1.70503161
0.48288365 1.70329045
0.48381093 1.70155018
0.48473911 1.69981080
0.48566817 1.69807230
0.48659812 1.69633470
0.48752897 1.69459799
0.48846070 1.69286216
0.48939332 1.69112723
0.49032683 1.68939319
0.49126123 1.68766003
0.49219652 1.68592776
0.49313270 1.68419639
0.49406977 1.68246590
0.49500773 1.68073630
0.49594658 1.67900760
0.49688631 1.67727978
0.49782694 1.67555285
0.49876846 1.67382681
0.49971086 1.67210166
0.50065416 1.67037740
0.50159834 1.66865403
0.50254342 1.66693155
0.50348938 1.66520995
0.50443623 1.66348925
0.50538398 1.66176944
0.50633261 1.66005052
0.50728213 1.65833248
0.50823254 1.65661534
0.50918384 1.65489908
0.51013603 1.65318372
0.51108911 1.65146924
0.51204308 1.64975565
0.51299794 1.64804296
0.51395369 1.64633115
0.51491033 1.64462023
0.51586785 1.64291020
0.51682627 1.64120106
0.51778558 1.63949281
0.51874577 1.63778545
0.51970686 1.63607898
0.52066883 1.63437340
0.52163170 1.63266871
0.52259545 1.63096491
0.52356009 1.62926199
0.52452563 1.62755997
0.52549205 1.62585884
0.52645936 1.62415859
0.52742756 1.62245924
0.52839665 1.62076077
0.52936663 1.61906320
0.53033750 1.61736651
0.53130926 1.61567071
0.53228191 1.61397580
0.53325544 1.61228179
0.53422987 1.61058866
0.53520519 1.60889642
0.53618139 1.60720507
0.53715849 1.60551461
0.53813648 1.60382504
0.53911535 1.60213636
0.54009511 1.60044857
0.54107577 1.59876166
0.54205731 1.59707565
0.54303974 1.59539053
0.54402307 1.59370629
0.54500728 1.59202295
0.54599238 1.59034049
0.54697837 1.58865893
0.54796525 1.58697825
0.54895302 1.58529847
0.54994168 1.58361957
0.55093123 1.58194156
0.55192166 1.58026445
0.55291299 1.57858822
0.55390521 1.57691288
0.55489831 1.57523843
0.55589231 1.57356487
0.55688720 1.57189220
0.55788297 1.57022042
0.55887964 1.56854953
0.55987719 1.56687952
0.56087563 1.56521041
0.56187497 1.56354219
0.56287519 1.56187485
0.56387630 1.56020841
0.56487830 1.55854286
0.56588119 1.55687819
0.56688497 1.55521441
0.56788964 1.55355153
0.56889520 1.55188953
0.56990165 1.55022842
0.57090899 1.54856821
0.57191721 1.54690888
0.57292633 1.54525044
0.57393634 1.54359289
0.57494723 1.54193623
0.57595902 1.54028046
0.57697169 1.53862558
0.57798526 1.53697159
0.57899971 1.53531849
0.58001506 1.53366627
0.58103129 1.53201495
0.58204841 1.53036452
0.58306642 1.52871497
0.58408533 1.52706632
0.58510512 1.52541855
0.58612580 1.52377168
0.58714737 1.52212569
0.58816983 1.52048060
0.58919317 1.51883639
0.59021741 1.51719307
0.59124254 1.51555064
0.59226856 1.51390910
0.59329546 1.51226846
0.59432326 1.51062870
0.59535195 1.50898983
0.59638152 1.50735184
0.59741199 1.50571475
0.59844334 1.50407855
0.59947558 1.50244324
0.60050872 1.50080882
0.60154274 1.49917528
0.60257765 1.49754264
0.60361345 1.49591089
0.60465014 1.49428002
0.60568772 1.49265005
0.60672619 1.49102096
0.60776555 1.48939276
0.60880580 1.48776546
0.60984694 1.48613904
0.61088897 1.48451351
0.61193189 1.48288887
0.61297569 1.48126512
0.61402039 1.47964226
0.61506598 1.47802029
0.61611245 1.47639921
0.61715982 1.47477902
0.61820807 1.47315972
0.61925721 1.47154131
0.62030725 1.46992379
0.62135817 1.46830715
0.62240998 1.46669141
0.62346268 1.46507655
0.62451627 1.46346259
0.62557076 1.46184952
0.62662613 1.46023733
0.62768239 1.45862603
0.62873953 1.45701563
0.62979757 1.45540611
0.63085650 1.45379748
0.63191632 1.45218974
0.63297703 1.45058289
0.63403862 1.44897693
0.63510111 1.44737186
0.63616448 1.44576768
0.63722875 1.44416439
0.63829390 1.44256199
0.63935995 1.44096048
0.64042688 1.43935986
0.64149470 1.43776012
0.64256342 1.43616128
0.64363302 1.43456333
0.64470351 1.43296626
0.64577489 1.43137009
0.64684716 1.42977480
0.64792032 1.42818041
0.64899437 1.42658690
0.65006931 1.42499428
0.65114514 1.42340255
0.65222185 1.42181172
0.65329946 1.42022177
0.65437796 1.41863271
0.65545734 1.41704454
0.65653762 1.41545726
0.65761878 1.41387087
0.65870084 1.41228537
0.65978378 1.41070075
0.66086762 1.40911703
0.66195234 1.40753420
0.66303795 1.40595226
0.66412445 1.40437120
0.66521185 1.40279104
0.66630013 1.40121176
0.66738930 1.39963338
0.66847936 1.39805588
0.66957031 1.39647928
0.67066214 1.39490356
0.67175487 1.39332873
0.67284849 1.39175479
0.67394300 1.39018174
0.67503840 1.38860959
0.67613468 1.38703832
0.67723186 1.38546794
0.67832992 1.38389845
0.67942888 1.38232984
0.68052872 1.38076213
0.68162946 1.37919531
0.68273108 1.37762938
0.68383359 1.37606433
0.68493699 1.37450018
0.68604128 1.37293692
0.68714647 1.37137454
0.68825254 1.36981306
0.68935950 1.36825246
0.69046735 1.36669275
0.69157608 1.36513394
0.69268571 1.36357601
0.69379623 1.36201897
0.69490764 1.36046282
0.69601994 1.35890757
0.69713312 1.35735320
0.69824720 1.35579972
0.69936216 1.35424713
0.70047802 1.35269542
0.70159476 1.35114461
0.70271240 1.34959469
0.70383092 1.34804566
0.70495033 1.34649752
0.70607064 1.34495026
0.70719183 1.34340390
0.70831391 1.34185842
0.70943688 1.34031384
0.71056074 1.33877014
0.71168549 1.33722734
0.71281113 1.33568542
0.71393766 1.33414439
0.71506508 1.33260425
0.71619338 1.33106501
0.71732258 1.32952665
0.71845267 1.32798918
0.71958364 1.32645260
0.72071551 1.32491691
0.72184826 1.32338211
0.72298191 1.32184820
0.72411644 1.32031517
0.72525187 1.31878304
0.72638818 1.31725180
0.72752538 1.31572145
0.72866347 1.31419198
0.72980245 1.31266341
0.73094232 1.31113572
0.73208309 1.30960893
0.73322474 1.30808302
0.73436727 1.30655800
0.73551070 1.30503388
0.73665502 1.30351064
0.73780023 1.30198829
0.73894633 1.30046683
0.74009331 1.29894626
0.74124119 1.29742658
0.74238996 1.29590779
0.74353961 1.29438989
0.74469016 1.29287288
0.74584159 1.29135676
0.74699391 1.28984153
0.74814713 1.28832719
0.74930123 1.28681373
0.75045622 1.28530117
0.75161210 1.28378949
0.75276887 1.28227871
0.75392653 1.28076881
0.75508508 1.27925981
0.75624452 1.27775169
0.75740485 1.27624447
0.75856607 1.27473813
0.75972818 1.27323268
0.76089118 1.27172812
0.76205506 1.27022445
0.76321984 1.26872167
0.76438551 1.26721978
0.76555206 1.26571878
0.76671951 1.26421867
0.76788784 1.26271945
0.76905706 1.26122112
0.77022718 1.25972368
0.77139818 1.25822712
0.77257007 1.25673146
0.77374285 1.25523668
0.77491652 1.25374280
0.77609109 1.25224981
0.77726654 1.25075770
0.77844288 1.24926648
0.77962010 1.24777616
0.78079822 1.24628672
0.78197723 1.24479817
0.78315713 1.24331051
0.78433792 1.24182374
0.78551959 1.24033787
0.78670216 1.23885288
0.78788561 1.23736878
0.78906996 1.23588556
0.79025519 1.23440324
0.79144132 1.23292181
0.79262833 1.23144127
0.79381623 1.22996162
0.79500503 1.22848285
0.79619471 1.22700498
0.79738528 1.22552799
0.79857674 1.22405190
0.79976909 1.22257669
0.80096233 1.22110238
0.80215646 1.21962895
0.80335148 1.21815641
0.80454739 1.21668477
0.80574418 1.21521401
0.80694187 1.21374414
0.80814045 1.21227516
0.80933991 1.21080707
0.81054027 1.20933987
0.81174152 1.20787356
0.81294365 1.20640814
0.81414667 1.20494361
0.81535059 1.20347996
0.81655539 1.20201721
0.81776108 1.20055535
0.81896767 1.19909437
0.82017514 1.19763429
0.82138350 1.19617509
0.82259275 1.19471679
0.82380289 1.19325937
0.82501392 1.19180285
0.82622584 1.19034721
0.82743864 1.18889246
0.82865234 1.18743860
0.82986693 1.18598564
0.83108241 1.18453356
0.83229877 1.18308237
0.83351603 1.18163207
0.83473417 1.18018266
0.83595321 1.17873414
0.83717313 1.17728650
0.83839395 1.17583976
0.83961565 1.17439391
0.84083824 1.17294895
0.84206173 1.17150487
0.84328610 1.17006169
0.84451136 1.16861939
0.84573751 1.16717799
0.84696455 1.16573747
0.84819248 1.16429785
0.84942130 1.16285911
0.85065101 1.16142126
0.85188160 1.15998431
0.85311309 1.15854824
0.85434547 1.15711306
0.85557874 1.15567877
0.85681289 1.15424537
0.85804794 1.15281286
0.85928387 1.15138124
0.86052070 1.14995051
0.86175841 1.14852066
0.86299701 1.14709171
0.86423651 1.14566365
0.86547689 1.14423647
0.86671816 1.14281019
0.86796032 1.14138480
0.86920337 1.13996029
0.87044731 1.13853668
0.87169214 1.13711395
0.87293786 1.13569211
0.87418447 1.13427117
0.87543197 1.13285111
0.87668036 1.13143194
0.87792963 1.13001366
0.87917980 1.12859627
0.88043086 1.12717977
0.88168280 1.12576416
0.88293564 1.12434944
0.88418936 1.12293561
0.88544398 1.12152267
0.88669948 1.12011062
0.88795587 1.11869945
0.88921315 1.11728918
0.89047133 1.11587980
0.89173039 1.11447130
0.89299034 1.11306370
0.89425118 1.11165698
0.89551291 1.11025116
0.89677553 1.10884622
0.89803904 1.10744217
0.89930344 1.10603901
0.90056872 1.10463675
0.90183490 1.10323537
0.90310197 1.10183488
0.90436992 1.10043528
0.90563877 1.09903657
0.90690850 1.09763875
0.90817913 1.09624182
0.90945064 1.09484578
0.91072305 1.09345062
0.91199634 1.09205636
0.91327052 1.09066299
0.91454560 1.08927050
0.91582156 1.08787891
0.91709841 1.08648820
0.91837615 1.08509839
0.91965478 1.08370946
0.92093430 1.08232143
0.92221471 1.08093428
0.92349601 1.07954802
0.92477819 1.07816266
0.92606127 1.07677818
0.92734524 1.07539459
0.92863009 1.07401189
0.92991584 1.07263008
0.93120248 1.07124916
0.93249000 1.06986913
0.93377842 1.06848999
0.93506772 1.06711173
0.93635791 1.06573437
0.93764900 1.06435790
0.93894097 1.06298231
0.94023383 1.06160762
0.94152758 1.06023382
0.94282222 1.05886090
0.94411775 1.05748888
0.94541417 1.05611774
0.94671148 1.05474749
0.94800968 1.05337814
0.94930877 1.05200967
0.95060874 1.05064209
0.95190961 1.04927540
0.95321137 1.04790960
0.95451401 1.04654469
0.95581755 1.04518067
0.95712197 1.04381754
0.95842729 1.04245530
0.95973349 1.04109395
0.96104059 1.03973348
0.96234857 1.03837391
0.96365744 1.03701523
0.96496720 1.03565743
0.96627786 1.03430053
0.96758940 1.03294451
0.96890183 1.03158939
0.97021515 1.03023515
0.97152936 1.02888181
0.97284445 1.02752935
0.97416044 1.02617778
0.97547732 1.02482710
0.97679509 1.02347732
0.97811374 1.02212842
0.97943329 1.02078041
0.98075373 1.01943329
0.98207505 1.01808706
0.98339727 1.01674171
0.98472037 1.01539726
0.98604436 1.01405370
0.98736925 1.01271103
0.98869502 1.01136924
0.99002168 1.01002835
0.99134923 1.00868835
0.99267767 1.00734923
0.99400701 1.00601101
0.99533723 1.00467367
0.99666833 1.00333722
0.99800033 1.00200167
0.99933322 1.00066700
1.00066700 0.99933322
1.00200167 0.99800033
1.00333722 0.99666833
1.00467367 0.99533723
1.00601101 0.99400701
1.00734923 0.99267767
1.00868835 0.99134923
1.01002835 0.99002168
1.01136924 0.98869502
1.01271103 0.98736925
1.01405370 0.98604436
1.01539726 0.98472037
1.01674171 0.98339727
1.01808706 0.98207505
1.01943329 0.98075373
1.02078041 0.97943329
1.02212842 0.97811374
1.02347732 0.97679509
1.02482710 0.97547732
1.02617778 0.97416044
1.02752935 0.97284445
1.02888181 0.97152936
1.03023515 0.97021515
1.03158939 0.96890183
1.03294451 0.96758940
1.03430053 0.96627786
1.03565743 0.96496720
1.03701523 0.96365744
1.03837391 0.96234857
1.03973348 0.96104059
1.04109395 0.95973349
1.04245530 0.95842729
1.04381754 0.95712197
1.04518067 0.95581755
1.04654469 0.95451401
1.04790960 0.95321137
1.04927540 0.95190961
1.05064209 0.95060874
1.05200967 0.94930877
1.05337814 0.94800968
1.05474749 0.94671148
1.05611774 0.94541417
1.05748888 0.94411775
1.05886090 0.94282222
1.06023382 0.94152758
1.06160762 0.94023383
1.06298231 0.93894097
1.06435790 0.93764900
1.06573437 0.93635791
1.06711173 0.93506772
1.06848999 0.93377842
1.06986913 0.93249000
1.07124916 0.93120248
1.07263008 0.92991584
1.07401189 0.92863009
1.07539459 0.92734524
1.07677818 0.92606127
1.07816266 0.92477819
1.07954802 0.92349601
1.08093428 0.92221471
1.08232143 0.92093430
1.08370946 0.91965478
1.08509839 0.91837615
1.08648820 0.91709841
1.08787891 0.91582156
1.08927050 0.91454560
1.09066299 0.91327052
1.09205636 0.91199634
1.09345062 0.91072305
1.09484578 0.90945064
1.09624182 0.90817913
1.09763875 0.90690850
1.09903657 0.90563877
1.10043528 0.90436992
1.10183488 0.90310197
1.10323537 0.90183490
1.10463675 0.90056872
1.10603901 0.89930344
1.10744217 0.89803904
1.10884622 0.89677553
1.11025116 0.89551291
1.11165698 0.89425118
1.11306370 0.89299034
1.11447130 0.89173039
1.11587980 0.89047133
1.11728918 0.88921315
1.11869945 0.88795587
1.12011062 0.88669948
1.12152267 0.88544398
1.12293561 0.88418936
1.12434944 0.88293564
1.12576416 0.88168280
1.12717977 0.88043086
1.12859627 0.87917980
1.13001366 0.87792963
1.13143194 0.87668036
1.13285111 0.87543197
1.13427117 0.87418447
1.13569211 0.87293786
1.13711395 0.87169214
1.13853668 0.87044731
1.13996029 0.86920337
1.14138480 0.86796032
1.14281019 0.86671816
1.14423647 0.86547689
1.14566365 0.86423651
1.14709171 0.86299701
1.14852066 0.86175841
1.14995051 0.86052070
1.15138124 0.85928387
1.15281286 0.85804794
1.15424537 0.85681289
1.15567877 0.85557874
1.15711306 0.85434547
1.15854824 0.85311309
1.15998431 0.85188160
1.16142126 0.85065101
1.16285911 0.84942130
1.16429785 0.84819248
1.16573747 0.84696455
1.16717799 0.84573751
1.16861939 0.84451136
1.17006169 0.84328610
1.17150487 0.84206173
1.17294895 0.84083824
1.17439391 0.83961565
1.17583976 0.83839395
1.17728650 0.83717313
1.17873414 0.83595321
1.18018266 0.83473417
1.18163207 0.83351603
1.18308237 0.83229877
1.18453356 0.83108241
1.18598564 0.82986693
1.18743860 0.82865234
1.18889246 0.82743864
1.19034721 0.82622584
1.19180285 0.82501392
1.19325937 0.82380289
1.19471679 0.82259275
1.19617509 0.82138350
1.19763429 0.82017514
1.19909437 0.81896767
1.20055535 0.81776108
1.20201721 0.81655539
1.20347996 0.81535059
1.20494361 0.81414667
1.20640814 0.81294365
1.20787356 0.81174152
1.20933987 0.81054027
1.21080707 0.80933991
1.21227516 0.80814045
1.21374414 0.80694187
1.21521401 0.80574418
1.21668477 0.80454739
1.21815641 0.80335148
1.21962895 0.80215646
1.22110238 0.80096233
1.22257669 0.79976909
1.22405190 0.79857674
1.22552799 0.79738528
1.22700498 0.79619471
1.22848285 0.79500503
1.22996162 0.79381623
1.23144127 0.79262833
1.23292181 0.79144132
1.23440324 0.79025519
1.23588556 0.78906996
1.23736878 0.78788561
1.23885288 0.78670216
1.24033787 0.78551959
1.24182374 0.78433792
1.24331051 0.78315713
1.24479817 0.78197723
1.24628672 0.78079822
1.24777616 0.77962010
1.24926648 0.77844288
1.25075770 0.77726654
1.25224981 0.77609109
1.25374280 0.77491652
1.25523668 0.77374285
1.25673146 0.77257007
1.25822712 0.77139818
1.25972368 0.77022718
1.26122112 0.76905706
1.26271945 0.76788784
1.26421867 0.76671951
1.26571878 0.76555206
1.26721978 0.76438551
1.26872167 0.76321984
1.27022445 0.76205506
1.27172812 0.76089118
1.27323268 0.75972818
1.27473813 0.75856607
1.27624447 0.75740485
1.27775169 0.75624452
1.27925981 0.75508508
1.28076881 0.75392653
1.28227871 0.75276887
1.28378949 0.75161210
1.28530117 0.75045622
1.28681373 0.74930123
1.28832719 0.74814713
1.28984153 0.74699391
1.29135676 0.74584159
1.29287288 0.74469016
1.29438989 0.74353961
1.29590779 0.74238996
1.29742658 0.74124119
1.29894626 0.74009331
1.30046683 0.73894633
1.30198829 0.73780023
1.30351064 0.73665502
1.30503388 0.73551070
1.30655800 0.73436727
1.30808302 0.73322474
1.30960893 0.73208309
1.31113572 0.73094232
1.31266341 0.72980245
1.31419198 0.72866347
1.31572145 0.72752538
1.31725180 0.72638818
1.31878304 0.72525187
1.32031517 0.72411644
1.32184820 0.72298191
1.32338211 0.72184826
1.32491691 0.72071551
1.32645260 0.71958364
1.32798918 0.71845267
1.32952665 0.71732258
1.33106501 0.71619338
1.33260425 0.71506508
1.33414439 0.71393766
1.33568542 0.71281113
1.33722734 0.71168549
1.33877014 0.71056074
1.34031384 0.70943688
1.34185842 0.70831391
1.34340390 0.70719183
1.34495026 0.70607064
1.34649752 0.70495033
1.34804566 0.70383092
1.34959469 0.70271240
1.35114461 0.70159476
1.35269542 0.70047802
1.35424713 0.69936216
1.35579972 0.69824720
1.35735320 0.69713312
1.35890757 0.69601994
1.36046282 0.69490764
1.36201897 0.69379623
1.36357601 0.69268571
1.36513394 0.69157608
1.36669275 0.69046735
1.36825246 0.68935950
1.36981306 0.68825254
1.37137454 0.68714647
1.37293692 0.68604128
1.37450018 0.68493699
1.37606433 0.68383359
1.37762938 0.68273108
1.37919531 0.68162946
1.38076213 0.68052872
1.38232984 0.67942888
1.38389845 0.67832992
1.38546794 0.67723186
1.38703832 0.67613468
1.38860959 0.67503840
1.39018174 0.67394300
1.39175479 0.67284849
1.39332873 0.67175487
1.39490356 0.67066214
1.39647928 0.66957031
1.39805588 0.66847936
1.39963338 0.66738930
1.40121176 0.66630013
1.40279104 0.66521185
1.40437120 0.66412445
1.40595226 0.66303795
1.40753420 0.66195234
1.40911703 0.66086762
1.41070075 0.65978378
1.41228537 0.65870084
1.41387087 0.65761878
1.41545726 0.65653762
1.41704454 0.65545734
1.41863271 0.65437796
1.42022177 0.65329946
1.42181172 0.65222185
1.42340255 0.65114514
1.42499428 0.65006931
1.42658690 0.64899437
1.42818041 0.64792032
1.42977480 0.64684716
1.43137009 0.64577489
1.43296626 0.64470351
1.43456333 0.64363302
1.43616128 0.64256342
1.43776012 0.64149470
1.43935986 0.64042688
1.44096048 0.63935995
1.44256199 0.63829390
1.44416439 0.63722875
1.44576768 0.63616448
1.44737186 0.63510111
1.44897693 0.63403862
1.45058289 0.63297703
1.45218974 0.63191632
1.45379748 0.63085650
1.45540611 0.62979757
1.45701563 0.62873953
1.45862603 0.62768239
1.46023733 0.62662613
1.46184952 0.62557076
1.46346259 0.62451627
1.46507655 0.62346268
1.46669141 0.62240998
1.46830715 0.62135817
1.46992379 0.62030725
1.47154131 0.61925721
1.47315972 0.61820807
1.47477902 0.61715982
1.47639921 0.61611245
1.47802029 0.61506598
1.47964226 0.61402039
1.48126512 0.61297569
1.48288887 0.61193189
1.48451351 0.61088897
1.48613904 0.60984694
1.48776546 0.60880580
1.48939276 0.60776555
1.49102096 0.60672619
1.49265005 0.60568772
1.49428002 0.60465014
1.49591089 0.60361345
1.49754264 0.60257765
1.49917528 0.60154274
1.50080882 0.60050872
1.50244324 0.59947558
1.50407855 0.59844334
1.50571475 0.59741199
1.50735184 0.59638152
1.50898983 0.59535195
1.51062870 0.59432326
1.51226846 0.59329546
1.51390910 0.59226856
1.51555064 0.59124254
1.51719307 0.59021741
1.51883639 0.58919317
1.52048060 0.58816983
1.52212569 0.58714737
1.52377168 0.58612580
1.52541855 0.58510512
1.52706632 0.58408533
1.52871497 0.58306642
1.53036452 0.58204841
1.53201495 0.58103129
1.53366627 0.58001506
1.53531849 0.57899971
1.53697159 0.57798526
1.53862558 0.57697169
1.54028046 0.57595902
1.54193623 0.57494723
1.54359289 0.57393634
1.54525044 0.57292633
1.54690888 0.57191721
1.54856821 0.57090899
1.55022842 0.56990165
1.55188953 0.56889520
1.55355153 0.56788964
1.55521441 0.56688497
1.55687819 0.56588119
1.55854286 0.56487830
1.56020841 0.56387630
1.56187485 0.56287519
1.56354219 0.56187497
1.56521041 0.56087563
1.56687952 0.55987719
1.56854953 0.55887964
1.57022042 0.55788297
1.57189220 0.55688720
1.57356487 0.55589231
1.57523843 0.55489831
1.57691288 0.55390521
1.57858822 0.55291299
1.58026445 0.55192166
1.58194156 0.55093123
1.58361957 0.54994168
1.58529847 0.54895302
1.58697825 0.54796525
1.58865893 0.54697837
1.59034049 0.54599238
1.59202295 0.54500728
1.59370629 0.54402307
1.59539053 0.54303974
1.59707565 0.54205731
1.59876166 0.54107577
1.60044857 0.54009511
1.60213636 0.53911535
1.60382504 0.53813648
1.60551461 0.53715849
1.60720507 0.53618139
1.60889642 0.53520519
1.61058866 0.53422987
1.61228179 0.53325544
1.61397580 0.53228191
1.61567071 0.53130926
1.61736651 0.53033750
1.61906320 0.52936663
1.62076077 0.52839665
1.62245924 0.52742756
1.62415859 0.52645936
1.62585884 0.52549205
1.62755997 0.52452563
1.62926199 0.52356009
1.63096491 0.52259545
1.63266871 0.52163170
1.63437340 0.52066883
1.63607898 0.51970686
1.63778545 0.51874577
1.63949281 0.51778558
1.64120106 0.51682627
1.64291020 0.51586785
1.64462023 0.51491033
1.64633115 0.51395369
1.64804296 0.51299794
1.64975565 0.51204308
1.65146924 0.51108911
1.65318372 0.51013603
1.65489908 0.50918384
1.65661534 0.50823254
1.65833248 0.50728213
1.66005052 0.50633261
1.66176944 0.50538398
1.66348925 0.50443623
1.66520995 0.50348938
1.66693155 0.50254342
1.66865403 0.50159834
1.67037740 0.50065416
1.67210166 0.49971086
1.67382681 0.49876846
1.67555285 0.49782694
1.67727978 0.49688631
1.67900760 0.49594658
1.68073630 0.49500773
1.68246590 0.49406977
1.68419639 0.49313270
1.68592776 0.49219652
1.68766003 0.49126123
1.68939319 0.49032683
1.69112723 0.48939332
1.69286216 0.48846070
1.69459799 0.48752897
1.69633470 0.48659812
1.69807230 0.48566817
1.69981080 0.48473911
1.70155018 0.48381093
1.70329045 0.48288365
1.70503161 0.48195725
1.70677366 0.48103175
1.70851660 0.48010713
1.71026043 0.47918340
1.71200515 0.47826057
1.71375075 0.47733862
1.71549725 0.47641756
1.71724464 0.47549739
1.71899292 0.47457811
1.72074208 0.47365972
1.72249214 0.47274222
1.72424308 0.47182561
1.72599492 0.47090989
1.72774764 0.46999506
1.72950125 0.46908111
1.73125576 0.46816806
1.73301115 0.46725590
1.73476743 0.46634462
1.73652460 0.46543424
1.73828266 0.46452474
1.74004161 0.46361614
1.74180145 0.46270842
1.74356218 0.46180159
1.74532380 0.46089566
1.74708631 0.45999061
1.74884971 0.45908645
1.75061399 0.45818318
1.75237917 0.45728080
1.75414524 0.45637931
1.75591219 0.45547871
1.75768004 0.45457900
1.75944877 0.45368018
1.76121839 0.45278225
1.76298891 0.45188521
1.76476031 0.45098905
1.76653260 0.45009379
1.76830579 0.44919942
1.77007986 0.44830593
1.77185482 0.44741334
1.77363067 0.44652163
1.77540741 0.44563082
1.77718504 0.44474089
1.77896356 0.44385185
1.78074296 0.44296370
1.78252326 0.44207645
1.78430445 0.44119008
1.78608653 0.44030460
1.78786949 0.43942001
1.78965335 0.43853631
1.79143809 0.43765350
1.79322373 0.43677158
1.79501025 0.43589055
1.79679767 0.43501040
1.79858597 0.43413115
1.80037516 0.43325279
1.80216524 0.43237531
1.80395621 0.43149873
1.80574808 0.43062303
1.80754083 0.42974823
1.80933447 0.42887431
1.81112900 0.42800129
1.81292441 0.42712915
1.81472072 0.42625790
1.81651792 0.42538754
1.81831601 0.42451808
1.82011499 0.42364950
1.82191485 0.42278181
1.82371561 0.42191501
1.82551725 0.42104910
1.82731979 0.42018408
1.82912321 0.41931994
1.83092753 0.41845670
1.83273273 0.41759435
1.83453882 0.41673289
1.83634580 0.41587231
1.83815368 0.41501263
1.83996244 0.41415383
1.84177209 0.41329593
1.84358263 0.41243891
1.84539406 0.41158279
1.84720638 0.41072755
1.84901959 0.40987320
1.85083368 0.40901975
1.85264867 0.40816718
1.85446455 0.40731550
1.85628131 0.40646471
1.85809897 0.40561481
1.85991752 0.40476580
1.86173695 0.40391768
1.86355728 0.40307045
1.86537849 0.40222410
1.86720059 0.40137865
1.86902359 0.40053409
1.87084747 0.39969042
1.87267224 0.39884763
1.87449790 0.39800574
1.87632445 0.39716473
1.87815189 0.39632462
1.87998022 0.39548539
1.88180944 0.39464705
1.88363955 0.39380961
1.88547055 0.39297305
1.88730244 0.39213738
1.88913521 0.39130260
1.89096888 0.39046871
1.89280344 0.38963571
1.89463888 0.38880360
1.89647522 0.38797238
1.89831244 0.38714205
1.90015056 0.38631261
1.90198956 0.38548406
1.90382945 0.38465639
1.90567024 0.38382962
1.90751191 0.38300374
1.90935447 0.38217874
1.91119792 0.38135464
1.91304226 0.38053142
1.91488749 0.37970910
1.91673361 0.37888766
1.91858062 0.37806711
1.92042852 0.37724746
1.92227730 0.37642869
1.92412698 0.37561081
1.92597755 0.37479382
1.92782901 0.37397772
1.92968135 0.37316251
1.93153459 0.37234819
1.93338871 0.37153476
1.93524373 0.37072222
1.93709963 0.36991057
1.93895642 0.36909980
1.94081410 0.36828993
1.94267268 0.36748095
1.94453214 0.36667285
1.94639249 0.36586565
1.94825373 0.36505933
1.95011586 0.36425391
1.95197888 0.36344937
1.95384279 0.36264572
1.95570759 0.36184297
1.95757328 0.36104110
1.95943985 0.36024012
1.96130732 0.35944003
1.96317568 0.35864083
1.96504492 0.35784252
1.96691506 0.35704510
1.96878608 0.35624857
1.97065800 0.35545293
1.97253080 0.35465818
1.97440449 0.35386431
1.97627908 0.35307134
1.97815455 0.35227926
1.98003091 0.35148806
1.98190816 0.35069776
1.98378630 0.34990834
1.98566533 0.34911982
1.98754525 0.34833218
1.98942606 0.34754544
1.99130776 0.34675958
1.99319035 0.34597461
1.99507383 0.34519053
1.99695819 0.34440734
1.99884345 0.34362505
2.00072960 0.34284364
2.00261663 0.34206312
2.00450456 0.34128348
2.00639337 0.34050474
2.00828308 0.33972689
2.01017367 0.33894993
2.01206515 0.33817386
2.01395753 0.33739867
2.01585079 0.33662438
2.01774494 0.33585097
2.01963998 0.33507846
2.02153591 0.33430683
2.02343273 0.33353610
2.02533044 0.33276625
2.02722904 0.33199729
2.02912853 0.33122923
2.03102890 0.33046205
2.03293017 0.32969576
2.03483233 0.32893036
2.03673538 0.32816585
2.03863931 0.32740223
2.04054414 0.32663950
2.04244985 0.32587766
2.04435645 0.32511671
2.04626395 0.32435665
2.04817233 0.32359747
2.05008160 0.32283919
2.05199177 0.32208180
2.05390282 0.32132529
2.05581476 0.32056968
2.05772759 0.31981495
2.05964131 0.31906112
2.06155592 0.31830817
2.06347142 0.31755611
2.06538781 0.31680495
2.06730508 0.31605467
2.06922325 0.31530528
2.07114231 0.31455678
2.07306226 0.31380917
2.07498309 0.31306245
2.07690482 0.31231662
2.07882743 0.31157168
2.08075094 0.31082763
2.08267533 0.31008447
2.08460061 0.30934219
2.08652679 0.30860081
2.08845385 0.30786032
2.09038180 0.30712071
2.09231064 0.30638200
2.09424037 0.30564417
2.09617099 0.30490724
2.09810250 0.30417119
2.10003490 0.30343603
2.10196819 0.30270177
2.10390237 0.30196839
2.10583744 0.30123590
2.10777339 0.30050430
2.10971024 0.29977359
2.11164798 0.29904377
2.11358660 0.29831484
2.11552612 0.29758680
2.11746652 0.29685965
2.11940781 0.29613339
2.12135000 0.29540802
2.12329307 0.29468353
2.12523703 0.29395994
2.12718188 0.29323724
2.12912763 0.29251542
2.13107426 0.29179450
2.13302178 0.29107446
2.13497019 0.29035532
2.13691949 0.28963706
2.13886968 0.28891969
2.14082075 0.28820321
2.14277272 0.28748763
2.14472558 0.28677293
2.14667933 0.28605912
2.14863396 0.28534620
2.15058949 0.28463417
2.15254590 0.28392303
2.15450321 0.28321278
2.15646140 0.28250342
2.15842048 0.28179494
2.16038046 0.28108736
2.16234132 0.28038067
2.16430307 0.27967486
2.16626571 0.27896995
2.16822925 0.27826592
2.17019367 0.27756279
2.17215898 0.27686054
2.17412518 0.27615919
2.17609226 0.27545872
2.17806024 0.27475914
2.18002911 0.27406045
2.18199887 0.27336266
2.18396951 0.27266575
2.18594105 0.27196973
2.18791348 0.27127460
2.18988679 0.27058036
2.19186100 0.26988701
2.19383609 0.26919454
2.19581208 0.26850297
2.19778895 0.26781229
2.19976671 0.26712250
2.20174536 0.26643359
2.20372491 0.26574558
2.20570534 0.26505845
2.20768666 0.26437222
2.20966887 0.26368687
2.21165197 0.26300242
2.21363596 0.26231885
2.21562083 0.26163617
2.21760660 0.26095439
2.21959326 0.26027349
2.22158081 0.25959348
2.22356924 0.25891436
2.22555857 0.25823613
2.22754879 0.25755879
2.22953989 0.25688234
2.23153188 0.25620678
2.23352477 0.25553210
2.23551854 0.25485832
2.23751320 0.25418543
2.23950876 0.25351343
2.24150520 0.25284231
2.24350253 0.25217209
2.24550075 0.25150275
2.24749986 0.25083431
2.24949986 0.25016675
2.25150075 0.24950008
2.25350253 0.24883431
2.25550520 0.24816942
2.25750876 0.24750542
2.25951320 0.24684231
2.26151854 0.24618009
2.26352477 0.24551876
2.26553188 0.24485832
2.26753989 0.24419877
2.26954878 0.24354011
2.27155856 0.24288234
2.27356924 0.24222546
2.27558080 0.24156946
2.27759325 0.24091436
2.27960660 0.24026015
2.28162083 0.23960682
2.28363595 0.23895439
2.28565196 0.23830284
2.28766886 0.23765219
2.28968665 0.23700242
2.29170533 0.23635354
2.29372490 0.23570556
2.29574535 0.23505846
2.29776670 0.23441225
2.29978894 0.23376693
2.30181206 0.23312250
2.30383608 0.23247896
2.30586098 0.23183631
2.30788678 0.23119455
2.30991346 0.23055368
2.31194104 0.22991369
2.31396950 0.22927460
2.31599885 0.22863640
2.31802910 0.22799909
2.32006023 0.22736266
2.32209225 0.22672713
2.32412516 0.22609248
2.32615896 0.22545873
2.32819365 0.22482586
2.33022923 0.22419388
2.33226570 0.22356279
2.33430305 0.22293260
2.33634130 0.22230329
2.33838044 0.22167487
2.34042046 0.22104734
2.34246138 0.22042070
2.34450319 0.21979495
2.34654588 0.21917009
2.34858947 0.21854612
2.35063394 0.21792304
2.35267930 0.21730084
2.35472556 0.21667954
2.35677270 0.21605913
2.35882073 0.21543960
2.36086965 0.21482097
2.36291946 0.21420322
2.36497016 0.21358637
2.36702175 0.21297040
2.36907423 0.21235532
2.37112760 0.21174114
2.37318186 0.21112784
2.37523701 0.21051543
2.37729304 0.20990391
2.37934997 0.20929328
2.38140779 0.20868354
2.38346649 0.20807469
2.38552609 0.20746673
2.38758657 0.20685966
2.38964794 0.20625348
2.39171021 0.20564819
2.39377336 0.20504378
2.39583740 0.20444027
2.39790234 0.20383765
2.39996816 0.20323591
2.40203487 0.20263507
2.40410247 0.20203511
2.40617096 0.20143605
2.40824034 0.20083787
2.41031061 0.20024058
2.41238176 0.19964419
2.41445381 0.19904868
2.41652675 0.19845406
2.41860058 0.19786033
2.42067529 0.19726749
2.42275090 0.19667554
2.42482739 0.19608448
2.42690478 0.19549431
2.42898305 0.19490503
2.43106222 0.19431663
2.43314227 0.19372913
2.43522321 0.19314252
2.43730504 0.19255679
2.43938777 0.19197196
2.44147138 0.19138802
2.44355588 0.19080496
2.44564127 0.19022279
2.44772755 0.18964152
2.44981472 0.18906113
2.45190277 0.18848163
2.45399172 0.18790303
2.45608156 0.18732531
2.45817229 0.18674848
2.46026390 0.18617254
2.46235641 0.18559749
2.46444980 0.18502333
2.46654409 0.18445006
2.46863926 0.18387768
2.47073533 0.18330618
2.47283228 0.18273558
2.47493012 0.18216587
2.47702886 0.18159704
2.47912848 0.18102911
2.48122899 0.18046207
2.48333039 0.17989591
2.48543268 0.17933064
2.48753586 0.17876627
2.48963993 0.17820278
2.49174489 0.17764018
2.49385073 0.17707848
2.49595747 0.17651766
2.49806510 0.17595773
2.50017362 0.17539869
2.50228302 0.17484054
2.50439332 0.17428328
2.50650450 0.17372691
2.50861658 0.17317143
2.51072954 0.17261684
2.51284339 0.17206313
2.51495814 0.17151032
2.51707377 0.17095840
2.51919029 0.17040736
2.52130770 0.16985722
2.52342600 0.16930796
2.52554519 0.16875960
2.52766527 0.16821212
2.52978624 0.16766554
2.53190810 0.16711984
2.53403085 0.16657503
2.53615449 0.16603111
2.53827902 0.16548808
2.54040443 0.16494595
2.54253074 0.16440470
2.54465793 0.16386434
2.54678602 0.16332487
2.54891499 0.16278628
2.55104486 0.16224859
2.55317561 0.16171179
2.55530725 0.16117588
2.55743979 0.16064085
2.55957321 0.16010672
2.56170752 0.15957348
2.56384272 0.15904112
2.56597881 0.15850966
2.56811579 0.15797908
2.57025366 0.15744939
2.57239242 0.15692060
2.57453207 0.15639269
2.57667261 0.15586567
2.57881403 0.15533954
2.58095635 0.15481430
2.58309956 0.15428995
2.58524365 0.15376649
2.58738864 0.15324392
2.58953451 0.15272224
2.59168128 0.15220145
2.59382893 0.15168155
2.59597747 0.15116254
2.59812691 0.15064441
2.60027723 0.15012718
2.60242844 0.14961084
2.60458054 0.14909538
2.60673353 0.14858082
2.60888741 0.14806714
2.61104218 0.14755435
2.61319784 0.14704246
2.61535439 0.14653145
2.61751183 0.14602133
2.61967016 0.14551210
2.62182937 0.14500376
2.62398948 0.14449631
2.62615048 0.14398975
2.62831236 0.14348408
2.63047514 0.14297930
2.63263880 0.14247541
2.63480335 0.14197241
2.63696880 0.14147030
2.63913513 0.14096907
2.64130235 0.14046874
2.64347046 0.13996930
2.64563947 0.13947074
2.64780936 0.13897308
2.64998014 0.13847630
2.65215181 0.13798042
2.65432437 0.13748542
2.65649781 0.13699131
2.65867215 0.13649809
2.66084738 0.13600577
2.66302350 0.13551433
2.66520050 0.13502378
2.66737840 0.13453412
2.66955719 0.13404535
2.67173686 0.13355747
2.67391743 0.13307048
2.67609888 0.13258437
2.67828122 0.13209916
2.68046446 0.13161484
2.68264858 0.13113141
2.68483359 0.13064886
2.68701949 0.13016721
2.68920628 0.12968644
2.69139396 0.12920657
2.69358253 0.12872758
2.69577199 0.12824949
2.69796234 0.12777228
2.70015358 0.12729596
2.70234571 0.12682053
2.70453873 0.12634599
2.70673263 0.12587235
2.70892743 0.12539959
2.71112311 0.12492772
2.71331969 0.12445674
2.71551715 0.12398664
2.71771551 0.12351744
2.71991475 0.12304913
2.72211489 0.12258171
2.72431591 0.12211517
2.72651782 0.12164953
2.72872062 0.12118478
2.73092431 0.12072091
2.73312889 0.12025794
2.73533436 0.11979585
2.73754072 0.11933465
2.73974797 0.11887435
2.74195611 0.11841493
2.74416514 0.11795640
2.74637506 0.11749876
2.74858586 0.11704202
2.75079756 0.11658616
2.75301015 0.11613119
2.75522362 0.11567711
2.75743799 0.11522391
2.75965324 0.11477161
2.76186938 0.11432020
2.76408642 0.11386968
2.76630434 0.11342005
2.76852315 0.11297130
2.77074285 0.11252345
2.77296345 0.11207648
2.77518493 0.11163041
2.77740730 0.11118522
2.77963056 0.11074093
2.78185471 0.11029752
2.78407974 0.10985500
2.78630567 0.10941337
2.78853249 0.10897264
2.79076020 0.10853279
2.79298879 0.10809383
2.79521828 0.10765576
2.79744865 0.10721858
2.79967992 0.10678229
2.80191207 0.10634689
2.80414512 0.10591237
2.80637905 0.10547875
2.80861387 0.10504602
2.81084959 0.10461418
2.81308619 0.10418322
2.81532368 0.10375316
2.81756206 0.10332398
2.81980133 0.10289570
2.82204149 0.10246830
2.82428254 0.10204179
2.82652448 0.10161618
2.82876731 0.10119145
2.83101103 0.10076761
2.83325563 0.10034466
2.83550113 0.09992260
2.83774752 0.09950143
2.83999479 0.09908115
2.84224296 0.09866176
2.84449201 0.09824326
2.84674196 0.09782565
2.84899279 0.09740893
2.85124451 0.09699310
2.85349713 0.09657815
2.85575063 0.09616410
2.85800502 0.09575093
2.86026030 0.09533866
2.86251647 0.09492727
2.86477353 0.09451678
2.86703148 0.09410717
2.86929032 0.09369846
2.87155005 0.09329063
2.87381067 0.09288369
2.87607217 0.09247764
2.87833457 0.09207248
2.88059786 0.09166821
2.88286203 0.09126483
2.88512710 0.09086234
2.88739305 0.09046074
2.88965990 0.09006003
2.89192763 0.08966021
2.89419625 0.08926128
2.89646577 0.08886323
2.89873617 0.08846608
2.90100746 0.08806981
2.90327964 0.08767444
2.90555271 0.08727995
2.90782667 0.08688636
2.91010152 0.08649365
2.91237726 0.08610184
2.91465389 0.08571091
2.91693141 0.08532087
2.91920982 0.08493172
2.92148911 0.08454346
2.92376930 0.08415609
2.92605038 0.08376961
2.92833234 0.08338402
2.93061520 0.08299932
2.93289894 0.08261551
2.93518357 0.08223259
2.93746910 0.08185056
2.93975551 0.08146942
2.94204281 0.08108916
2.94433100 0.08070980
2.94662009 0.08033132
2.94891006 0.07995374
2.95120092 0.07957704
2.95349267 0.07920124
2.95578531 0.07882632
2.95807883 0.07845229
2.96037325 0.07807916
2.96266856 0.07770691
2.96496476 0.07733555
2.96726184 0.07696508
2.96955982 0.07659550
2.97185869 0.07622681
2.97415844 0.07585901
2.97645909 0.07549210
2.97876062 0.07512608
2.98106304 0.07476094
2.98336636 0.07439670
2.98567056 0.07403335
2.98797565 0.07367088
2.99028163 0.07330931
2.99258850 0.07294862
2.99489626 0.07258883
2.99720491 0.07222992
2.99951445 0.07187191
3.00182488 0.07151478
3.00413620 0.07115854
3.00644841 0.07080319
3.00876151 0.07044874
3.01107549 0.07009517
3.01339037 0.06974249
3.01570614 0.06939070
3.01802279 0.06903980
3.02034034 0.06868979
3.02265877 0.06834066
3.02497809 0.06799243
3.02729831 0.06764509
3.02961941 0.06729864
3.03194140 0.06695307
3.03426428 0.06660840
3.03658805 0.06626461
3.03891272 0.06592172
3.04123827 0.06557971
3.04356470 0.06523860
3.04589203 0.06489837
3.04822025 0.06455903
3.05054936 0.06422058
3.05287936 0.06388303
3.05521025 0.06354636
3.05754202 0.06321058
3.05987469 0.06287569
3.06220824 0.06254169
3.06454269 0.06220858
3.06687802 0.06187636
3.06921425 0.06154502
3.07155136 0.06121458
3.07388936 0.06088503
3.07622825 0.06055636
3.07856804 0.06022859
3.08090871 0.05990171
3.08325027 0.05957571
3.08559272 0.05925060
3.08793606 0.05892639
3.09028029 0.05860306
3.09262541 0.05828063
3.09497141 0.05795908
3.09731831 0.05763842
3.09966610 0.05731865
3.10201478 0.05699977
3.10436434 0.05668178
3.10671480 0.05636468
3.10906614 0.05604847
3.11141838 0.05573315
3.11377150 0.05541872
3.11612552 0.05510518
3.11848042 0.05479252
3.12083621 0.05448076
3.12319289 0.05416989
3.12555046 0.05385990
3.12790893 0.05355081
3.13026828 0.05324260
3.13262852 0.05293528
3.13498964 0.05262886
3.13735166 0.05232332
3.13971457 0.05201867
3.14207837 0.05171492
3.14444306 0.05141205
3.14680863 0.05111007
3.14917510 0.05080898
3.15154246 0.05050878
3.15391070 0.05020947
3.15627984 0.04991105
3.15864986 0.04961351
3.16102077 0.04931687
3.16339258 0.04902112
3.16576527 0.04872626
3.16813885 0.04843228
3.17051332 0.04813920
3.17288868 0.04784700
3.17526493 0.04755570
3.17764207 0.04726528
3.18002010 0.04697576
3.18239902 0.04668712
3.18477883 0.04639937
3.18715953 0.04611251
3.18954112 0.04582655
3.19192359 0.04554147
3.19430696 0.04525728
3.19669122 0.04497398
3.19907636 0.04469157
3.20146240 0.04441005
3.20384932 0.04412941
3.20623714 0.04384967
3.20862584 0.04357082
3.21101543 0.04329286
3.21340591 0.04301578
3.21579729 0.04273960
3.21818955 0.04246430
3.22058270 0.04218990
3.22297674 0.04191638
3.22537167 0.04164376
3.22776749 0.04137202
3.23016420 0.04110117
3.23256179 0.04083122
3.23496028 0.04056215
3.23735966 0.04029397
3.23975992 0.04002668
3.24216108 0.03976028
3.24456313 0.03949477
3.24696606 0.03923015
3.24936989 0.03896642
3.25177460 0.03870358
3.25418020 0.03844162
3.25658670 0.03818056
3.25899408 0.03792039
3.26140235 0.03766110
3.26381151 0.03740271
3.26622156 0.03714520
3.26863250 0.03688859
3.27104433 0.03663286
3.27345705 0.03637803
3.27587066 0.03612408
3.27828516 0.03587102
3.28070055 0.03561885
3.28311682 0.03536757
3.28553399 0.03511719
3.28795205 0.03486769
3.29037099 0.03461908
3.29279083 0.03437135
3.29521155 0.03412452
3.29763317 0.03387858
3.30005567 0.03363353
3.30247906 0.03338937
3.30490335 0.03314609
3.30732852 0.03290371
3.30975458 0.03266222
3.31218153 0.03242161
3.31460937 0.03218190
3.31703810 0.03194307
3.31946772 0.03170513
3.32189823 0.03146809
3.32432963 0.03123193
3.32676192 0.03099666
3.32919509 0.03076228
3.33162916 0.03052879
3.33406412 0.03029619
3.33649996 0.03006448
3.33893670 0.02983366
3.34137432 0.02960373
3.34381284 0.02937469
3.34625224 0.02914654
3.34869253 0.02891928
3.35113372 0.02869290
3.35357579 0.02846742
3.35601875 0.02824283
3.35846260 0.02801912
3.36090734 0.02779631
3.36335297 0.02757438
3.36579949 0.02735334
3.36824690 0.02713320
3.37069520 0.02691394
3.37314439 0.02669557
3.37559447 0.02647809
3.37804543 0.02626150
3.38049729 0.02604581
3.38295004 0.02583100
3.38540367 0.02561708
3.38785820 0.02540404
3.39031361 0.02519190
3.39276991 0.02498065
3.39522711 0.02477029
3.39768519 0.02456082
3.40014416 0.02435223
3.40260402 0.02414454
3.40506478 0.02393773
3.40752642 0.02373182
3.40998895 0.02352679
3.41245237 0.02332266
3.41491668 0.02311941
3.41738187 0.02291705
3.41984796 0.02271559
3.42231494 0.02251501
3.42478281 0.02231532
3.42725156 0.02211652
3.42972121 0.02191861
3.43219175 0.02172159
3.43466317 0.02152546
3.43713549 0.02133022
3.43960869 0.02113587
3.44208278 0.02094240
3.44455777 0.02074983
3.44703364 0.02055815
3.44951040 0.02036735
3.45198805 0.02017745
3.45446659 0.01998843
3.45694602 0.01980031
3.45942634 0.01961307
3.46190755 0.01942673
3.46438965 0.01924127
3.46687264 0.01905670
3.46935652 0.01887302
3.47184129 0.01869024
3.47432694 0.01850834
3.47681349 0.01832733
3.47930093 0.01814721
3.48178925 0.01796798
3.48427847 0.01778964
3.48676857 0.01761218
3.48925956 0.01743562
3.49175145 0.01725995
3.49424422 0.01708517
3.49673788 0.01691127
3.49923243 0.01673827
3.50172787 0.01656615
3.50422420 0.01639493
3.50672142 0.01622459
3.50921953 0.01605515
3.51171853 0.01588659
3.51421842 0.01571892
3.51671920 0.01555214
3.51922087 0.01538626
3.52172342 0.01522126
3.52422687 0.01505715
3.52673121 0.01489393
3.52923643 0.01473160
3.53174255 0.01457016
3.53424955 0.01440960
3.53675745 0.01424994
3.53926623 0.01409117
3.54177590 0.01393329
3.54428646 0.01377629
3.54679792 0.01362019
3.54931026 0.01346498
3.55182349 0.01331065
3.55433761 0.01315721
3.55685262 0.01300467
3.55936852 0.01285301
3.56188531 0.01270224
3.56440298 0.01255237
3.56692155 0.01240338
3.56944101 0.01225528
3.57196136 0.01210807
3.57448259 0.01196175
3.57700472 0.01181632
3.57952773 0.01167178
3.58205164 0.01152813
3.58457643 0.01138537
3.58710211 0.01124349
3.58962869 0.01110251
3.59215615 0.01096242
3.59468450 0.01082321
3.59721374 0.01068490
3.59974387 0.01054747
3.60227489 0.01041094
3.60480680 0.01027529
3.60733960 0.01014054
3.60987329 0.01000667
3.61240787 0.00987369
3.61494334 0.00974160
3.61747970 0.00961041
3.62001694 0.00948010
3.62255508 0.00935068
3.62509410 0.00922215
3.62763402 0.00909451
3.63017482 0.00896776
3.63271652 0.00884189
3.63525910 0.00871692
3.63780258 0.00859284
3.64034694 0.00846965
3.64289219 0.00834734
3.64543833 0.00822593
3.64798536 0.00810540
3.65053328 0.00798577
3.65308209 0.00786702
3.65563179 0.00774917
3.65818238 0.00763220
3.66073386 0.00751612
3.66328623 0.00740093
3.66583949 0.00728663
3.66839363 0.00717323
3.67094867 0.00706071
3.67350459 0.00694908
3.67606141 0.00683834
3.67861912 0.00672848
3.68117771 0.00661952
3.68373719 0.00651145
3.68629757 0.00640427
3.68885883 0.00629798
3.69142098 0.00619257
3.69398402 0.00608806
3.69654795 0.00598443
3.69911278 0.00588170
3.70167849 0.00577985
3.70424509 0.00567890
3.70681257 0.00557883
3.70938095 0.00547965
3.71195022 0.00538136
3.71452038 0.00528397
3.71709143 0.00518746
3.71966336 0.00509184
3.72223619 0.00499711
3.72480990 0.00490327
3.72738451 0.00481032
3.72996000 0.00471826
3.73253639 0.00462708
3.73511366 0.00453680
3.73769182 0.00444741
3.74027088 0.00435891
3.74285082 0.00427129
3.74543165 0.00418457
3.74801337 0.00409873
3.75059598 0.00401379
3.75317948 0.00392973
3.75576387 0.00384656
3.75834915 0.00376429
3.76093532 0.00368290
3.76352237 0.00360240
3.76611032 0.00352279
3.76869916 0.00344407
3.77128888 0.00336624
3.77387950 0.00328930
3.77647101 0.00321325
3.77906340 0.00313809
3.78165668 0.00306382
3.78425086 0.00299044
3.78684592 0.00291794
3.78944187 0.00284634
3.79203872 0.00277563
3.79463645 0.00270580
3.79723507 0.00263687
3.79983458 0.00256882
3.80243498 0.00250167
3.80503627 0.00243540
3.80763845 0.00237002
3.81024152 0.00230554
3.81284547 0.00224194
3.81545032 0.00217923
3.81805606 0.00211741
3.82066268 0.00205648
3.82327020 0.00199644
3.82587861 0.00193729
3.82848790 0.00187903
3.83109808 0.00182166
3.83370916 0.00176518
3.83632112 0.00170958
3.83893397 0.00165488
3.84154772 0.00160107
3.84416235 0.00154814
3.84677787 0.00149611
3.84939428 0.00144496
3.85201158 0.00139471
3.85462977 0.00134534
3.85724885 0.00129686
3.85986882 0.00124928
3.86248968 0.00120258
3.86511142 0.00115677
3.86773406 0.00111185
3.87035759 0.00106782
3.87298200 0.00102468
3.87560731 0.00098243
3.87823350 0.00094107
3.88086059 0.00090060
3.88348856 0.00086102
3.88611742 0.00082233
3.88874718 0.00078452
3.89137782 0.00074761
3.89400935 0.00071159
3.89664177 0.00067645
3.89927508 0.00064221
3.90190928 0.00060885
3.90454437 0.00057638
3.90718035 0.00054481
3.90981722 0.00051412
3.91245498 0.00048432
3.91509363 0.00045541
3.91773316 0.00042740
3.92037359 0.00040027
3.92301491 0.00037403
3.92565711 0.00034868
3.92830021 0.00032422
3.93094419 0.00030064
3.93358907 0.00027796
3.93623483 0.00025617
3.93888148 0.00023527
3.94152903 0.00021525
3.94417746 0.00019613
3.94682678 0.00017790
3.94947699 0.00016055
3.95212809 0.00014410
3.95478008 0.00012853
3.95743296 0.00011385
3.96008673 0.00010007
3.96274139 0.00008717
3.96539694 0.00007516
3.96805337 0.00006404
3.97071070 0.00005381
3.97336892 0.00004447
3.97602802 0.00003602
3.97868802 0.00002846
3.98134890 0.00002179
3.98401068 0.00001601
3.98667334 0.00001112
3.98933689 0.00000712
3.99200134 0.00000400
3.99466667 0.00000178
3.99733289 0.00000044
4.00000000 0.00000000
