0.98168436 0.00000000
0.98163545 0.00000044
0.98158642 0.00000178
0.98153727 0.00000400
0.98148801 0.00000712
0.98143864 0.00001112
0.98138915 0.00001601
0.98133955 0.00002179
0.98128983 0.00002846
0.98123999 0.00003602
0.98119004 0.00004447
0.98113998 0.00005381
0.98108979 0.00006404
0.98103949 0.00007516
0.98098907 0.00008717
0.98093854 0.00010006
0.98088789 0.00011385
0.98083712 0.00012852
0.98078623 0.00014409
0.98073523 0.00016054
0.98068410 0.00017788
0.98063286 0.00019611
0.98058150 0.00021523
0.98053002 0.00023524
0.98047842 0.00025614
0.98042670 0.00027792
0.98037487 0.00030060
0.98032291 0.00032416
0.98027083 0.00034862
0.98021863 0.00037396
0.98016632 0.00040019
0.98011388 0.00042730
0.98006132 0.00045531
0.98000864 0.00048421
0.97995584 0.00051399
0.97990291 0.00054466
0.97984987 0.00057622
0.97979670 0.00060866
0.97974341 0.00064200
0.97969000 0.00067622
0.97963646 0.00071133
0.97958280 0.00074733
0.97952902 0.00078422
0.97947512 0.00082199
0.97942109 0.00086065
0.97936694 0.00090019
0.97931266 0.00094063
0.97925826 0.00098195
0.97920374 0.00102416
0.97914909 0.00106725
0.97909431 0.00111123
0.97903941 0.00115610
0.97898439 0.00120186
0.97892924 0.00124850
0.97887396 0.00129602
0.97881856 0.00134444
0.97876303 0.00139374
0.97870737 0.00144392
0.97865159 0.00149499
0.97859568 0.00154695
0.97853964 0.00159979
0.97848347 0.00165351
0.97842718 0.00170812
0.97837076 0.00176362
0.97831421 0.00182000
0.97825753 0.00187727
0.97820073 0.00193542
0.97814379 0.00199445
0.97808673 0.00205437
0.97802953 0.00211517
0.97797221 0.00217686
0.97791475 0.00223943
0.97785717 0.00230288
0.97779946 0.00236722
0.97774161 0.00243244
0.97768363 0.00249854
0.97762553 0.00256553
0.97756729 0.00263340
0.97750892 0.00270215
0.97745042 0.00277178
0.97739178 0.00284229
0.97733302 0.00291369
0.97727412 0.00298597
0.97721509 0.00305913
0.97715592 0.00313317
0.97709663 0.00320810
0.97703719 0.00328390
0.97697763 0.00336058
0.97691793 0.00343815
0.97685810 0.00351659
0.97679813 0.00359592
0.97673803 0.00367613
0.97667779 0.00375721
0.97661742 0.00383918
0.97655691 0.00392202
0.97649627 0.00400574
0.97643549 0.00409034
0.97637457 0.00417582
0.97631352 0.00426218
0.97625233 0.00434942
0.97619100 0.00443753
0.97612954 0.00452653
0.97606794 0.00461640
0.97600620 0.00470714
0.97594433 0.00479877
0.97588232 0.00489127
0.97582016 0.00498464
0.97575787 0.00507890
0.97569544 0.00517403
0.97563287 0.00527003
0.97557017 0.00536691
0.97550732 0.00546467
0.97544433 0.00556330
0.97538120 0.00566280
0.97531794 0.00576318
0.97525453 0.00586443
0.97519098 0.00596656
0.97512729 0.00606956
0.97506346 0.00617344
0.97499948 0.00627819
0.97493537 0.00638381
0.97487111 0.00649030
0.97480671 0.00659766
0.97474217 0.00670590
0.97467749 0.00681501
0.97461266 0.00692499
0.97454769 0.00703584
0.97448257 0.00714756
0.97441731 0.00726015
0.97435191 0.00737361
0.97428636 0.00748795
0.97422067 0.00760315
0.97415484 0.00771922
0.97408885 0.00783616
0.97402273 0.00795397
0.97395646 0.00807264
0.97389004 0.00819219
0.97382347 0.00831260
0.97375676 0.00843388
0.97368991 0.00855603
0.97362290 0.00867904
0.97355575 0.00880292
0.97348845 0.00892766
0.97342100 0.00905328
0.97335341 0.00917975
0.97328567 0.00930710
0.97321778 0.00943530
0.97314974 0.00956437
0.97308155 0.00969431
0.97301321 0.00982511
0.97294473 0.00995677
0.97287609 0.01008930
0.97280730 0.01022268
0.97273837 0.01035693
0.97266928 0.01049205
0.97260004 0.01062802
0.97253065 0.01076485
0.97246111 0.01090255
0.97239142 0.01104111
0.97232158 0.01118052
0.97225158 0.01132080
0.97218143 0.01146193
0.97211113 0.01160393
0.97204068 0.01174678
0.97197008 0.01189049
0.97189932 0.01203506
0.97182840 0.01218049
0.97175734 0.01232677
0.97168612 0.01247391
0.97161474 0.01262191
0.97154321 0.01277076
0.97147153 0.01292047
0.97139969 0.01307104
0.97132769 0.01322246
0.97125554 0.01337473
0.97118323 0.01352785
0.97111077 0.01368183
0.97103815 0.01383667
0.97096538 0.01399235
0.97089244 0.01414889
0.97081935 0.01430628
0.97074610 0.01446453
0.97067270 0.01462362
0.97059914 0.01478356
0.97052541 0.01494436
0.97045153 0.01510600
0.97037749 0.01526849
0.97030330 0.01543183
0.97022894 0.01559602
0.97015442 0.01576106
0.97007974 0.01592695
0.97000491 0.01609368
0.96992991 0.01626126
0.96985475 0.01642969
0.96977943 0.01659896
0.96970395 0.01676908
0.96962831 0.01694004
0.96955250 0.01711185
0.96947654 0.01728450
0.96940041 0.01745800
0.96932412 0.01763233
0.96924766 0.01780752
0.96917104 0.01798354
0.96909426 0.01816040
0.96901732 0.01833811
0.96894021 0.01851666
0.96886294 0.01869604
0.96878550 0.01887627
0.96870790 0.01905734
0.96863013 0.01923924
0.96855220 0.01942199
0.96847411 0.01960557
0.96839584 0.01978999
0.96831741 0.01997525
0.96823882 0.02016134
0.96816005 0.02034827
0.96808113 0.02053603
0.96800203 0.02072463
0.96792276 0.02091407
0.96784333 0.02110434
0.96776373 0.02129544
0.96768397 0.02148737
0.96760403 0.02168014
0.96752392 0.02187374
0.96744365 0.02206817
0.96736320 0.02226344
0.96728259 0.02245953
0.96720181 0.02265645
0.96712085 0.02285420
0.96703973 0.02305279
0.96695843 0.02325220
0.96687697 0.02345243
0.96679533 0.02365350
0.96671352 0.02385539
0.96663154 0.02405811
0.96654939 0.02426165
0.96646706 0.02446602
0.96638456 0.02467122
0.96630189 0.02487723
0.96621905 0.02508408
0.96613603 0.02529174
0.96605284 0.02550023
0.96596947 0.02570954
0.96588593 0.02591967
0.96580222 0.02613062
0.96571833 0.02634239
0.96563426 0.02655499
0.96555002 0.02676840
0.96546560 0.02698263
0.96538101 0.02719768
0.96529624 0.02741354
0.96521130 0.02763023
0.96512618 0.02784773
0.96504088 0.02806604
0.96495540 0.02828517
0.96486974 0.02850512
0.96478391 0.02872588
0.96469790 0.02894745
0.96461171 0.02916983
0.96452534 0.02939303
0.96443879 0.02961704
0.96435207 0.02984186
0.96426516 0.03006750
0.96417807 0.03029394
0.96409081 0.03052119
0.96400336 0.03074925
0.96391573 0.03097812
0.96382792 0.03120780
0.96373993 0.03143828
0.96365176 0.03166957
0.96356340 0.03190166
0.96347486 0.03213457
0.96338614 0.03236827
0.96329724 0.03260278
0.96320816 0.03283809
0.96311889 0.03307421
0.96302943 0.03331113
0.96293980 0.03354885
0.96284997 0.03378737
0.96275997 0.03402669
0.96266978 0.03426681
0.96257940 0.03450773
0.96248884 0.03474945
0.96239809 0.03499197
0.96230716 0.03523528
0.96221604 0.03547939
0.96212474 0.03572430
0.96203324 0.03597000
0.96194156 0.03621649
0.96184970 0.03646378
0.96175764 0.03671187
0.96166540 0.03696074
0.96157297 0.03721041
0.96148035 0.03746087
0.96138754 0.03771212
0.96129454 0.03796416
0.96120135 0.03821699
0.96110797 0.03847061
0.96101441 0.03872502
0.96092065 0.03898021
0.96082670 0.03923619
0.96073256 0.03949296
0.96063823 0.03975051
0.96054371 0.04000885
0.96044900 0.04026797
0.96035409 0.04052788
0.96025899 0.04078857
0.96016370 0.04105004
0.96006822 0.04131229
0.95997254 0.04157532
0.95987667 0.04183914
0.95978060 0.04210373
0.95968435 0.04236910
0.95958789 0.04263525
0.95949124 0.04290218
0.95939440 0.04316988
0.95929736 0.04343836
0.95920013 0.04370761
0.95910270 0.04397764
0.95900507 0.04424844
0.95890725 0.04452002
0.95880923 0.04479237
0.95871102 0.04506549
0.95861260 0.04533938
0.95851399 0.04561404
0.95841518 0.04588947
0.95831617 0.04616567
0.95821697 0.04644264
0.95811756 0.04672038
0.95801796 0.04699888
0.95791815 0.04727815
0.95781815 0.04755818
0.95771795 0.04783898
0.95761754 0.04812054
0.95751694 0.04840287
0.95741613 0.04868596
0.95731513 0.04896981
0.95721392 0.04925442
0.95711251 0.04953979
0.95701090 0.04982592
0.95690908 0.05011281
0.95680707 0.05040046
0.95670485 0.05068886
0.95660242 0.05097802
0.95649980 0.05126794
0.95639696 0.05155861
0.95629393 0.05185004
0.95619069 0.05214222
0.95608725 0.05243515
0.95598360 0.05272883
0.95587974 0.05302327
0.95577568 0.05331846
0.95567141 0.05361439
0.95556694 0.05391108
0.95546226 0.05420851
0.95535737 0.05450669
0.95525228 0.05480562
0.95514698 0.05510530
0.95504147 0.05540571
0.95493575 0.05570688
0.95482983 0.05600879
0.95472369 0.05631144
0.95461735 0.05661483
0.95451080 0.05691896
0.95440404 0.05722383
0.95429706 0.05752945
0.95418988 0.05783580
0.95408249 0.05814289
0.95397488 0.05845072
0.95386707 0.05875928
0.95375904 0.05906859
0.95365081 0.05937862
0.95354236 0.05968939
0.95343369 0.06000089
0.95332482 0.06031313
0.95321573 0.06062610
0.95310643 0.06093980
0.95299691 0.06125423
0.95288719 0.06156938
0.95277724 0.06188527
0.95266709 0.06220189
0.95255671 0.06251923
0.95244613 0.06283730
0.95233532 0.06315609
0.95222431 0.06347561
0.95211307 0.06379585
0.95200162 0.06411682
0.95188995 0.06443850
0.95177807 0.06476091
0.95166597 0.06508404
0.95155365 0.06540789
0.95144111 0.06573246
0.95132836 0.06605774
0.95121539 0.06638374
0.95110220 0.06671046
0.95098879 0.06703790
0.95087516 0.06736605
0.95076131 0.06769491
0.95064724 0.06802448
0.95053295 0.06835477
0.95041844 0.06868577
0.95030370 0.06901748
0.95018875 0.06934990
0.95007358 0.06968303
0.94995818 0.07001687
0.94984256 0.07035141
0.94972672 0.07068666
0.94961066 0.07102261
0.94949437 0.07135927
0.94937787 0.07169664
0.94926113 0.07203470
0.94914418 0.07237347
0.94902699 0.07271294
0.94890959 0.07305311
0.94879196 0.07339398
0.94867410 0.07373555
0.94855602 0.07407781
0.94843771 0.07442078
0.94831918 0.07476443
0.94820042 0.07510879
0.94808143 0.07545383
0.94796222 0.07579957
0.94784278 0.07614601
0.94772311 0.07649313
0.94760322 0.07684095
0.94748309 0.07718945
0.94736274 0.07753865
0.94724216 0.07788853
0.94712134 0.07823910
0.94700030 0.07859035
0.94687903 0.07894230
0.94675753 0.07929492
0.94663580 0.07964823
0.94651384 0.08000222
0.94639165 0.08035690
0.94626922 0.08071225
0.94614657 0.08106829
0.94602368 0.08142500
0.94590056 0.08178239
0.94577721 0.08214046
0.94565362 0.08249921
0.94552980 0.08285863
0.94540575 0.08321873
0.94528146 0.08357950
0.94515694 0.08394094
0.94503219 0.08430305
0.94490720 0.08466584
0.94478197 0.08502930
0.94465651 0.08539342
0.94453081 0.08575822
0.94440488 0.08612368
0.94427871 0.08648980
0.94415231 0.08685660
0.94402567 0.08722405
0.94389879 0.08759218
0.94377167 0.08796096
0.94364432 0.08833041
0.94351672 0.08870051
0.94338889 0.08907128
0.94326082 0.08944271
0.94313251 0.08981479
0.94300396 0.09018753
0.94287517 0.09056093
0.94274614 0.09093498
0.94261688 0.09130969
0.94248737 0.09168505
0.94235761 0.09206106
0.94222762 0.09243773
0.94209739 0.09281504
0.94196691 0.09319301
0.94183619 0.09357162
0.94170523 0.09395088
0.94157403 0.09433079
0.94144258 0.09471135
0.94131089 0.09509255
0.94117896 0.09547439
0.94104678 0.09585688
0.94091436 0.09624001
0.94078169 0.09662378
0.94064878 0.09700819
0.94051562 0.09739324
0.94038221 0.09777893
0.94024856 0.09816525
0.94011467 0.09855221
0.93998053 0.09893981
0.93984614 0.09932804
0.93971150 0.09971691
0.93957661 0.10010641
0.93944148 0.10049654
0.93930610 0.10088730
0.93917047 0.10127869
0.93903459 0.10167070
0.93889846 0.10206335
0.93876209 0.10245662
0.93862546 0.10285052
0.93848858 0.10324504
0.93835146 0.10364019
0.93821408 0.10403596
0.93807645 0.10443235
0.93793857 0.10482937
0.93780044 0.10522700
0.93766205 0.10562525
0.93752342 0.10602412
0.93738453 0.10642361
0.93724538 0.10682371
0.93710599 0.10722442
0.93696634 0.10762576
0.93682644 0.10802770
0.93668628 0.10843026
0.93654587 0.10883342
0.93640520 0.10923720
0.93626428 0.10964159
0.93612310 0.11004658
0.93598167 0.11045218
0.93583998 0.11085839
0.93569804 0.11126520
0.93555584 0.11167262
0.93541338 0.11208064
0.93527066 0.11248926
0.93512769 0.11289848
0.93498446 0.11330830
0.93484097 0.11371872
0.93469722 0.11412974
0.93455321 0.11454136
0.93440894 0.11495357
0.93426442 0.11536638
0.93411963 0.11577978
0.93397458 0.11619377
0.93382928 0.11660836
0.93368371 0.11702354
0.93353788 0.11743930
0.93339179 0.11785566
0.93324544 0.11827260
0.93309882 0.11869013
0.93295195 0.11910825
0.93280481 0.11952695
0.93265741 0.11994624
0.93250974 0.12036610
0.93236181 0.12078655
0.93221362 0.12120758
0.93206516 0.12162919
0.93191644 0.12205138
0.93176745 0.12247415
0.93161820 0.12289749
0.93146868 0.12332141
0.93131890 0.12374590
0.93116885 0.12417097
0.93101853 0.12459661
0.93086795 0.12502282
0.93071710 0.12544960
0.93056598 0.12587695
0.93041460 0.12630486
0.93026295 0.12673335
0.93011103 0.12716240
0.92995884 0.12759202
0.92980638 0.12802220
0.92965365 0.12845294
0.92950065 0.12888425
0.92934738 0.12931612
0.92919385 0.12974854
0.92904004 0.13018153
0.92888596 0.13061507
0.92873161 0.13104917
0.92857699 0.13148383
0.92842209 0.13191904
0.92826693 0.13235481
0.92811149 0.13279112
0.92795578 0.13322799
0.92779979 0.13366541
0.92764354 0.13410338
0.92748700 0.13454190
0.92733020 0.13498096
0.92717312 0.13542057
0.92701577 0.13586073
0.92685814 0.13630143
0.92670023 0.13674267
0.92654205 0.13718446
0.92638360 0.13762679
0.92622487 0.13806965
0.92606586 0.13851306
0.92590657 0.13895700
0.92574701 0.13940148
0.92558717 0.13984650
0.92542705 0.14029205
0.92526666 0.14073813
0.92510598 0.14118475
0.92494503 0.14163189
0.92478380 0.14207957
0.92462229 0.14252778
0.92446050 0.14297651
0.92429843 0.14342577
0.92413608 0.14387556
0.92397345 0.14432588
0.92381053 0.14477671
0.92364734 0.14522807
0.92348387 0.14567995
0.92332011 0.14613235
0.92315607 0.14658528
0.92299175 0.14703872
0.92282715 0.14749267
0.92266226 0.14794715
0.92249709 0.14840214
0.92233164 0.14885764
0.92216590 0.14931365
0.92199988 0.14977018
0.92183357 0.15022722
0.92166698 0.15068477
0.92150010 0.15114283
0.92133294 0.15160139
0.92116549 0.15206046
0.92099776 0.15252004
0.92082973 0.15298012
0.92066143 0.15344070
0.92049283 0.15390179
0.92032395 0.15436338
0.92015478 0.15482547
0.91998532 0.15528805
0.91981558 0.15575114
0.91964554 0.15621472
0.91947522 0.15667879
0.91930461 0.15714336
0.91913370 0.15760843
0.91896251 0.15807398
0.91879103 0.15854003
0.91861925 0.15900657
0.91844719 0.15947359
0.91827484 0.15994111
0.91810219 0.16040911
0.91792925 0.16087760
0.91775602 0.16134657
0.91758250 0.16181602
0.91740868 0.16228596
0.91723458 0.16275638
0.91706017 0.16322728
0.91688548 0.16369865
0.91671049 0.16417051
0.91653521 0.16464284
0.91635963 0.16511565
0.91618376 0.16558893
0.91600759 0.16606269
0.91583113 0.16653692
0.91565437 0.16701162
0.91547732 0.16748679
0.91529996 0.16796242
0.91512232 0.16843853
0.91494437 0.16891510
0.91476613 0.16939214
0.91458759 0.16986965
0.91440876 0.17034761
0.91422962 0.17082604
0.91405019 0.17130493
0.91387045 0.17178429
0.91369042 0.17226410
0.91351009 0.17274436
0.91332946 0.17322509
0.91314853 0.17370627
0.91296730 0.17418790
0.91278577 0.17466999
0.91260394 0.17515253
0.91242180 0.17563552
0.91223937 0.17611896
0.91205663 0.17660285
0.91187359 0.17708719
0.91169025 0.17757198
0.91150661 0.17805721
0.91132266 0.17854288
0.91113841 0.17902900
0.91095386 0.17951556
0.91076900 0.18000256
0.91058384 0.18049000
0.91039837 0.18097788
0.91021260 0.18146620
0.91002652 0.18195495
0.90984014 0.18244414
0.90965345 0.18293376
0.90946646 0.18342382
0.90927916 0.18391431
0.90909155 0.18440523
0.90890364 0.18489657
0.90871542 0.18538835
0.90852689 0.18588056
0.90833805 0.18637319
0.90814891 0.18686624
0.90795945 0.18735972
0.90776969 0.18785363
0.90757962 0.18834795
0.90738924 0.18884270
0.90719855 0.18933786
0.90700755 0.18983345
0.90681624 0.19032945
0.90662462 0.19082586
0.90643269 0.19132270
0.90624045 0.19181994
0.90604790 0.19231760
0.90585503 0.19281567
0.90566185 0.19331415
0.90546836 0.19381304
0.90527456 0.19431234
0.90508045 0.19481204
0.90488602 0.19531215
0.90469128 0.19581267
0.90449622 0.19631359
0.90430085 0.19681491
0.90410517 0.19731663
0.90390917 0.19781875
0.90371286 0.19832127
0.90351623 0.19882419
0.90331928 0.19932751
0.90312202 0.19983122
0.90292445 0.20033532
0.90272655 0.20083982
0.90252834 0.20134471
0.90232982 0.20185000
0.90213097 0.20235567
0.90193181 0.20286173
0.90173233 0.20336818
0.90153254 0.20387501
0.90133242 0.20438223
0.90113199 0.20488984
0.90093123 0.20539782
0.90073016 0.20590619
0.90052877 0.20641494
0.90032705 0.20692407
0.90012502 0.20743358
0.89992267 0.20794346
0.89971999 0.20845372
0.89951700 0.20896435
0.89931368 0.20947536
0.89911004 0.20998675
0.89890608 0.21049850
0.89870180 0.21101062
0.89849720 0.21152311
0.89829227 0.21203597
0.89808702 0.21254920
0.89788144 0.21306279
0.89767555 0.21357675
0.89746932 0.21409107
0.89726278 0.21460575
0.89705591 0.21512080
0.89684871 0.21563620
0.89664119 0.21615197
0.89643335 0.21666809
0.89622518 0.21718456
0.89601668 0.21770139
0.89580786 0.21821858
0.89559871 0.21873612
0.89538923 0.21925401
0.89517942 0.21977225
0.89496929 0.22029084
0.89475883 0.22080978
0.89454805 0.22132907
0.89433693 0.22184870
0.89412549 0.22236868
0.89391372 0.22288900
0.89370162 0.22340967
0.89348919 0.22393067
0.89327643 0.22445202
0.89306334 0.22497371
0.89284992 0.22549573
0.89263616 0.22601809
0.89242208 0.22654078
0.89220767 0.22706381
0.89199293 0.22758718
0.89177785 0.22811087
0.89156245 0.22863490
0.89134671 0.22915926
0.89113064 0.22968394
0.89091423 0.23020896
0.89069749 0.23073430
0.89048042 0.23125996
0.89026302 0.23178595
0.89004528 0.23231226
0.88982721 0.23283889
0.88960881 0.23336585
0.88939006 0.23389312
0.88917099 0.23442072
0.88895158 0.23494862
0.88873183 0.23547685
0.88851175 0.23600539
0.88829133 0.23653424
0.88807058 0.23706341
0.88784949 0.23759289
0.88762806 0.23812268
0.88740630 0.23865277
0.88718420 0.23918318
0.88696176 0.23971389
0.88673898 0.24024491
0.88651587 0.24077623
0.88629242 0.24130785
0.88606862 0.24183978
0.88584449 0.24237201
0.88562002 0.24290454
0.88539521 0.24343736
0.88517007 0.24397049
0.88494458 0.24450391
0.88471875 0.24503762
0.88449258 0.24557163
0.88426607 0.24610593
0.88403922 0.24664053
0.88381202 0.24717541
0.88358449 0.24771059
0.88335661 0.24824605
0.88312839 0.24878180
0.88289983 0.24931783
0.88267093 0.24985415
0.88244168 0.25039075
0.88221209 0.25092764
0.88198216 0.25146481
0.88175188 0.25200226
0.88152126 0.25253998
0.88129030 0.25307799
0.88105899 0.25361627
0.88082734 0.25415482
0.88059534 0.25469365
0.88036299 0.25523276
0.88013030 0.25577213
0.87989727 0.25631178
0.87966389 0.25685170
0.87943016 0.25739188
0.87919609 0.25793233
0.87896167 0.25847305
0.87872690 0.25901403
0.87849178 0.25955528
0.87825632 0.26009679
0.87802051 0.26063856
0.87778435 0.26118060
0.87754785 0.26172289
0.87731099 0.26226544
0.87707379 0.26280825
0.87683623 0.26335131
0.87659833 0.26389463
0.87636008 0.26443820
0.87612148 0.26498202
0.87588253 0.26552609
0.87564322 0.26607042
0.87540357 0.26661499
0.87516357 0.26715981
0.87492321 0.26770488
0.87468251 0.26825020
0.87444145 0.26879575
0.87420004 0.26934155
0.87395828 0.26988760
0.87371617 0.27043388
0.87347370 0.27098040
0.87323088 0.27152717
0.87298771 0.27207417
0.87274418 0.27262140
0.87250031 0.27316887
0.87225607 0.27371658
0.87201149 0.27426452
0.87176655 0.27481269
0.87152125 0.27536109
0.87127560 0.27590971
0.87102960 0.27645857
0.87078324 0.27700766
0.87053652 0.27755697
0.87028945 0.27810650
0.87004202 0.27865626
0.86979424 0.27920624
0.86954610 0.27975644
0.86929760 0.28030687
0.86904875 0.28085751
0.86879954 0.28140837
0.86854997 0.28195944
0.86830005 0.28251074
0.86804977 0.28306224
0.86779912 0.28361396
0.86754813 0.28416589
0.86729677 0.28471804
0.86704505 0.28527039
0.86679298 0.28582295
0.86654054 0.28637572
0.86628775 0.28692869
0.86603459 0.28748188
0.86578108 0.28803526
0.86552721 0.28858885
0.86527297 0.28914264
0.86501838 0.28969663
0.86476342 0.29025082
0.86450810 0.29080521
0.86425243 0.29135979
0.86399639 0.29191457
0.86373999 0.29246955
0.86348322 0.29302472
0.86322610 0.29358008
0.86296861 0.29413564
0.86271076 0.29469138
0.86245255 0.29524732
0.86219397 0.29580344
0.86193503 0.29635975
0.86167573 0.29691625
0.86141606 0.29747293
0.86115603 0.29802979
0.86089564 0.29858684
0.86063488 0.29914407
0.86037375 0.29970148
0.86011226 0.30025906
0.85985041 0.30081683
0.85958819 0.30137477
0.85932561 0.30193289
0.85906266 0.30249118
0.85879934 0.30304965
0.85853566 0.30360828
0.85827161 0.30416709
0.85800719 0.30472607
0.85774241 0.30528522
0.85747726 0.30584454
0.85721175 0.30640402
0.85694586 0.30696367
0.85667961 0.30752348
0.85641299 0.30808345
0.85614601 0.30864359
0.85587865 0.30920389
0.85561093 0.30976435
0.85534283 0.31032497
0.85507437 0.31088574
0.85480554 0.31144667
0.85453634 0.31200776
0.85426677 0.31256900
0.85399684 0.31313040
0.85372653 0.31369194
0.85345585 0.31425364
0.85318480 0.31481549
0.85291338 0.31537748
0.85264159 0.31593962
0.85236943 0.31650191
0.85209690 0.31706435
0.85182399 0.31762693
0.85155072 0.31818965
0.85127707 0.31875251
0.85100305 0.31931552
0.85072866 0.31987866
0.85045390 0.32044194
0.85017876 0.32100536
0.84990325 0.32156892
0.84962737 0.32213261
0.84935112 0.32269644
0.84907449 0.32326040
0.84879749 0.32382449
0.84852012 0.32438871
0.84824237 0.32495306
0.84796424 0.32551754
0.84768575 0.32608215
0.84740688 0.32664688
0.84712763 0.32721174
0.84684801 0.32777672
0.84656801 0.32834183
0.84628764 0.32890705
0.84600690 0.32947240
0.84572578 0.33003787
0.84544428 0.33060346
0.84516241 0.33116916
0.84488016 0.33173498
0.84459753 0.33230091
0.84431453 0.33286696
0.84403115 0.33343313
0.84374739 0.33399940
0.84346326 0.33456579
0.84317875 0.33513228
0.84289387 0.33569888
0.84260860 0.33626560
0.84232296 0.33683241
0.84203694 0.33739934
0.84175054 0.33796636
0.84146376 0.33853349
0.84117661 0.33910073
0.84088907 0.33966806
0.84060116 0.34023549
0.84031287 0.34080302
0.84002420 0.34137065
0.83973515 0.34193838
0.83944572 0.34250620
0.83915591 0.34307412
0.83886572 0.34364212
0.83857516 0.34421023
0.83828421 0.34477842
0.83799288 0.34534670
0.83770117 0.34591507
0.83740908 0.34648353
0.83711661 0.34705208
0.83682376 0.34762071
0.83653052 0.34818942
0.83623691 0.34875822
0.83594291 0.34932711
0.83564854 0.34989607
0.83535378 0.35046511
0.83505864 0.35103423
0.83476311 0.35160344
0.83446721 0.35217271
0.83417092 0.35274207
0.83387425 0.35331149
0.83357720 0.35388100
0.83327976 0.35445057
0.83298194 0.35502022
0.83268374 0.35558994
0.83238516 0.35615972
0.83208619 0.35672958
0.83178683 0.35729950
0.83148710 0.35786949
0.83118698 0.35843954
0.83088647 0.35900966
0.83058559 0.35957984
0.83028431 0.36015008
0.82998265 0.36072038
0.82968061 0.36129075
0.82937819 0.36186117
0.82907537 0.36243165
0.82877218 0.36300219
0.82846859 0.36357278
0.82816463 0.36414342
0.82786027 0.36471412
0.82755553 0.36528487
0.82725041 0.36585568
0.82694490 0.36642653
0.82663900 0.36699743
0.82633272 0.36756838
0.82602605 0.36813938
0.82571899 0.36871043
0.82541155 0.36928151
0.82510372 0.36985265
0.82479551 0.37042382
0.82448690 0.37099504
0.82417791 0.37156630
0.82386853 0.37213760
0.82355877 0.37270893
0.82324862 0.37328031
0.82293808 0.37385172
0.82262715 0.37442316
0.82231583 0.37499464
0.82200413 0.37556615
0.82169203 0.37613770
0.82137955 0.37670928
0.82106668 0.37728088
0.82075343 0.37785252
0.82043978 0.37842419
0.82012574 0.37899588
0.81981132 0.37956760
0.81949651 0.38013934
0.81918130 0.38071110
0.81886571 0.38128289
0.81854973 0.38185471
0.81823336 0.38242654
0.81791660 0.38299839
0.81759945 0.38357026
0.81728191 0.38414215
0.81696398 0.38471406
0.81664566 0.38528598
0.81632695 0.38585791
0.81600785 0.38642986
0.81568835 0.38700182
0.81536847 0.38757380
0.81504820 0.38814578
0.81472754 0.38871778
0.81440648 0.38928978
0.81408504 0.38986179
0.81376320 0.39043380
0.81344097 0.39100582
0.81311836 0.39157785
0.81279535 0.39214988
0.81247194 0.39272191
0.81214815 0.39329394
0.81182397 0.39386598
0.81149939 0.39443801
0.81117442 0.39501004
0.81084906 0.39558207
0.81052331 0.39615409
0.81019716 0.39672611
0.80987062 0.39729813
0.80954370 0.39787013
0.80921637 0.39844213
0.80888866 0.39901412
0.80856055 0.39958610
0.80823205 0.40015807
0.80790316 0.40073003
0.80757387 0.40130198
0.80724419 0.40187391
0.80691412 0.40244582
0.80658366 0.40301772
0.80625280 0.40358961
0.80592155 0.40416147
0.80558990 0.40473332
0.80525787 0.40530515
0.80492543 0.40587695
0.80459261 0.40644874
0.80425939 0.40702050
0.80392578 0.40759224
0.80359177 0.40816395
0.80325737 0.40873564
0.80292257 0.40930730
0.80258738 0.40987893
0.80225180 0.41045053
0.80191582 0.41102211
0.80157945 0.41159365
0.80124268 0.41216516
0.80090552 0.41273664
0.80056797 0.41330809
0.80023002 0.41387950
0.79989167 0.41445087
0.79955293 0.41502221
0.79921380 0.41559351
0.79887427 0.41616477
0.79853434 0.41673599
0.79819403 0.41730717
0.79785331 0.41787831
0.79751220 0.41844941
0.79717070 0.41902046
0.79682880 0.41959147
0.79648650 0.42016244
0.79614381 0.42073335
0.79580073 0.42130422
0.79545724 0.42187505
0.79511337 0.42244582
0.79476910 0.42301654
0.79442443 0.42358721
0.79407936 0.42415783
0.79373390 0.42472839
0.79338805 0.42529891
0.79304180 0.42586936
0.79269515 0.42643976
0.79234811 0.42701010
0.79200067 0.42758039
0.79165283 0.42815062
0.79130460 0.42872078
0.79095598 0.42929089
0.79060695 0.42986093
0.79025753 0.43043091
0.78990772 0.43100083
0.78955751 0.43157068
0.78920690 0.43214047
0.78885589 0.43271019
0.78850449 0.43327984
0.78815270 0.43384942
0.78780050 0.43441894
0.78744791 0.43498838
0.78709493 0.43555776
0.78674154 0.43612706
0.78638776 0.43669629
0.78603359 0.43726544
0.78567902 0.43783452
0.78532405 0.43840352
0.78496868 0.43897245
0.78461292 0.43954129
0.78425676 0.44011006
0.78390020 0.44067875
0.78354325 0.44124736
0.78318590 0.44181589
0.78282815 0.44238433
0.78247001 0.44295270
0.78211147 0.44352097
0.78175253 0.44408917
0.78139320 0.44465727
0.78103347 0.44522529
0.78067334 0.44579322
0.78031282 0.44636106
0.77995190 0.44692881
0.77959058 0.44749647
0.77922886 0.44806404
0.77886675 0.44863152
0.77850424 0.44919890
0.77814134 0.44976619
0.77777803 0.45033339
0.77741433 0.45090048
0.77705024 0.45146748
0.77668574 0.45203438
0.77632085 0.45260119
0.77595557 0.45316789
0.77558988 0.45373449
0.77522380 0.45430099
0.77485732 0.45486739
0.77449045 0.45543369
0.77412318 0.45599988
0.77375551 0.45656596
0.77338744 0.45713194
0.77301898 0.45769781
0.77265012 0.45826357
0.77228086 0.45882923
0.77191121 0.45939477
0.77154116 0.45996021
0.77117071 0.46052553
0.77079987 0.46109074
0.77042863 0.46165584
0.77005699 0.46222082
0.76968496 0.46278569
0.76931253 0.46335044
0.76893970 0.46391507
0.76856647 0.46447959
0.76819285 0.46504399
0.76781884 0.46560827
0.76744442 0.46617242
0.76706961 0.46673646
0.76669440 0.46730038
0.76631880 0.46786417
0.76594280 0.46842784
0.76556640 0.46899138
0.76518961 0.46955480
0.76481242 0.47011809
0.76443483 0.47068125
0.76405685 0.47124429
0.76367847 0.47180720
0.76329970 0.47236997
0.76292053 0.47293262
0.76254096 0.47349513
0.76216099 0.47405751
0.76178063 0.47461976
0.76139988 0.47518188
0.76101873 0.47574386
0.76063718 0.47630570
0.76025524 0.47686741
0.75987290 0.47742897
0.75949016 0.47799040
0.75910703 0.47855169
0.75872350 0.47911284
0.75833958 0.47967385
0.75795526 0.48023472
0.75757055 0.48079545
0.75718544 0.48135603
0.75679994 0.48191646
0.75641404 0.48247676
0.75602774 0.48303690
0.75564105 0.48359690
0.75525397 0.48415675
0.75486648 0.48471645
0.75447861 0.48527600
0.75409034 0.48583541
0.75370167 0.48639466
0.75331261 0.48695376
0.75292316 0.48751270
0.75253331 0.48807150
0.75214306 0.48863014
0.75175242 0.48918862
0.75136139 0.48974695
0.75096996 0.49030512
0.75057814 0.49086313
0.75018592 0.49142098
0.74979331 0.49197868
0.74940030 0.49253621
0.74900690 0.49309358
0.74861311 0.49365080
0.74821892 0.49420785
0.74782434 0.49476473
0.74742937 0.49532145
0.74703400 0.49587801
0.74663824 0.49643440
0.74624208 0.49699062
0.74584553 0.49754668
0.74544859 0.49810257
0.74505126 0.49865829
0.74465353 0.49921383
0.74425541 0.49976921
0.74385689 0.50032442
0.74345798 0.50087945
0.74305868 0.50143432
0.74265899 0.50198900
0.74225891 0.50254352
0.74185843 0.50309786
0.74145756 0.50365202
0.74105630 0.50420600
0.74065465 0.50475981
0.74025260 0.50531344
0.73985016 0.50586688
0.73944733 0.50642015
0.73904411 0.50697324
0.73864050 0.50752615
0.73823650 0.50807887
0.73783210 0.50863141
0.73742731 0.50918377
0.73702214 0.50973594
0.73661657 0.51028792
0.73621061 0.51083972
0.73580426 0.51139133
0.73539752 0.51194276
0.73499039 0.51249399
0.73458287 0.51304504
0.73417495 0.51359589
0.73376665 0.51414656
0.73335796 0.51469703
0.73294888 0.51524731
0.73253941 0.51579740
0.73212955 0.51634729
0.73171930 0.51689699
0.73130866 0.51744649
0.73089763 0.51799580
0.73048621 0.51854491
0.73007440 0.51909382
0.72966221 0.51964254
0.72924962 0.52019105
0.72883665 0.52073936
0.72842329 0.52128748
0.72800954 0.52183539
0.72759540 0.52238310
0.72718088 0.52293060
0.72676597 0.52347791
0.72635067 0.52402500
0.72593498 0.52457190
0.72551890 0.52511858
0.72510244 0.52566506
0.72468559 0.52621134
0.72426835 0.52675740
0.72385073 0.52730326
0.72343272 0.52784890
0.72301433 0.52839434
0.72259554 0.52893956
0.72217638 0.52948457
0.72175682 0.53002937
0.72133688 0.53057396
0.72091656 0.53111833
0.72049585 0.53166249
0.72007475 0.53220643
0.71965327 0.53275016
0.71923140 0.53329367
0.71880915 0.53383696
0.71838652 0.53438004
0.71796350 0.53492289
0.71754010 0.53546553
0.71711631 0.53600794
0.71669214 0.53655013
0.71626758 0.53709211
0.71584264 0.53763385
0.71541732 0.53817538
0.71499162 0.53871668
0.71456553 0.53925776
0.71413906 0.53979861
0.71371221 0.54033924
0.71328497 0.54087964
0.71285735 0.54141981
0.71242935 0.54195975
0.71200097 0.54249947
0.71157221 0.54303895
0.71114306 0.54357821
0.71071354 0.54411723
0.71028363 0.54465603
0.70985334 0.54519459
0.70942268 0.54573291
0.70899163 0.54627101
0.70856020 0.54680887
0.70812839 0.54734649
0.70769620 0.54788388
0.70726363 0.54842103
0.70683069 0.54895795
0.70639736 0.54949463
0.70596366 0.55003107
0.70552957 0.55056727
0.70509511 0.55110323
0.70466027 0.55163895
0.70422505 0.55217443
0.70378945 0.55270967
0.70335348 0.55324467
0.70291713 0.55377942
0.70248040 0.55431393
0.70204329 0.55484819
0.70160581 0.55538221
0.70116795 0.55591599
0.70072971 0.55644951
0.70029110 0.55698280
0.69985211 0.55751583
0.69941275 0.55804861
0.69897301 0.55858115
0.69853290 0.55911344
0.69809241 0.55964547
0.69765154 0.56017726
0.69721030 0.56070879
0.69676869 0.56124008
0.69632671 0.56177111
0.69588435 0.56230188
0.69544161 0.56283241
0.69499851 0.56336267
0.69455503 0.56389268
0.69411117 0.56442244
0.69366695 0.56495194
0.69322235 0.56548118
0.69277738 0.56601017
0.69233204 0.56653889
0.69188633 0.56706736
0.69144025 0.56759557
0.69099379 0.56812352
0.69054697 0.56865120
0.69009977 0.56917863
0.68965220 0.56970579
0.68920427 0.57023269
0.68875596 0.57075933
0.68830729 0.57128570
0.68785824 0.57181181
0.68740883 0.57233765
0.68695905 0.57286323
0.68650890 0.57338854
0.68605838 0.57391358
0.68560750 0.57443836
0.68515624 0.57496286
0.68470462 0.57548710
0.68425263 0.57601107
0.68380028 0.57653477
0.68334756 0.57705820
0.68289447 0.57758136
0.68244102 0.57810424
0.68198720 0.57862685
0.68153302 0.57914919
0.68107847 0.57967126
0.68062356 0.58019305
0.68016828 0.58071457
0.67971264 0.58123581
0.67925663 0.58175678
0.67880026 0.58227747
0.67834353 0.58279788
0.67788643 0.58331801
0.67742898 0.58383787
0.67697116 0.58435745
0.67651297 0.58487674
0.67605443 0.58539576
0.67559552 0.58591450
0.67513626 0.58643295
0.67467663 0.58695113
0.67421664 0.58746902
0.67375630 0.58798663
0.67329559 0.58850396
0.67283452 0.58902100
0.67237309 0.58953775
0.67191131 0.59005423
0.67144916 0.59057041
0.67098666 0.59108631
0.67052380 0.59160193
0.67006058 0.59211725
0.66959700 0.59263229
0.66913307 0.59314704
0.66866878 0.59366150
0.66820414 0.59417567
0.66773913 0.59468955
0.66727378 0.59520314
0.66680806 0.59571644
0.66634200 0.59622945
0.66587557 0.59674216
0.66540879 0.59725459
0.66494166 0.59776671
0.66447418 0.59827855
0.66400634 0.59879009
0.66353815 0.59930134
0.66306960 0.59981229
0.66260071 0.60032294
0.66213146 0.60083330
0.66166186 0.60134336
0.66119191 0.60185312
0.66072160 0.60236259
0.66025095 0.60287175
0.65977995 0.60338062
0.65930859 0.60388919
0.65883689 0.60439745
0.65836484 0.60490542
0.65789244 0.60541308
0.65741969 0.60592045
0.65694659 0.60642751
0.65647314 0.60693426
0.65599935 0.60744072
0.65552521 0.60794687
0.65505072 0.60845272
0.65457589 0.60895826
0.65410071 0.60946349
0.65362519 0.60996842
0.65314932 0.61047305
0.65267310 0.61097737
0.65219654 0.61148138
0.65171964 0.61198508
0.65124239 0.61248847
0.65076480 0.61299156
0.65028687 0.61349433
0.64980859 0.61399680
0.64932998 0.61449895
0.64885102 0.61500080
0.64837172 0.61550233
0.64789207 0.61600355
0.64741209 0.61650446
0.64693177 0.61700506
0.64645110 0.61750534
0.64597010 0.61800531
0.64548876 0.61850496
0.64500708 0.61900431
0.64452506 0.61950333
0.64404271 0.62000204
0.64356001 0.62050043
0.64307698 0.62099851
0.64259361 0.62149627
0.64210991 0.62199371
0.64162587 0.62249084
0.64114149 0.62298765
0.64065678 0.62348413
0.64017174 0.62398030
0.63968636 0.62447615
0.63920065 0.62497168
0.63871460 0.62546688
0.63822822 0.62596177
0.63774151 0.62645633
0.63725447 0.62695058
0.63676709 0.62744450
0.63627938 0.62793809
0.63579135 0.62843137
0.63530298 0.62892431
0.63481428 0.62941694
0.63432525 0.62990924
0.63383589 0.63040121
0.63334621 0.63089286
0.63285619 0.63138419
0.63236585 0.63187518
0.63187518 0.63236585
0.63138419 0.63285619
0.63089286 0.63334621
0.63040121 0.63383589
0.62990924 0.63432525
0.62941694 0.63481428
0.62892431 0.63530298
0.62843137 0.63579135
0.62793809 0.63627938
0.62744450 0.63676709
0.62695058 0.63725447
0.62645633 0.63774151
0.62596177 0.63822822
0.62546688 0.63871460
0.62497168 0.63920065
0.62447615 0.63968636
0.62398030 0.64017174
0.62348413 0.64065678
0.62298765 0.64114149
0.62249084 0.64162587
0.62199371 0.64210991
0.62149627 0.64259361
0.62099851 0.64307698
0.62050043 0.64356001
0.62000204 0.64404271
0.61950333 0.64452506
0.61900431 0.64500708
0.61850496 0.64548876
0.61800531 0.64597010
0.61750534 0.64645110
0.61700506 0.64693177
0.61650446 0.64741209
0.61600355 0.64789207
0.61550233 0.64837172
0.61500080 0.64885102
0.61449895 0.64932998
0.61399680 0.64980859
0.61349433 0.65028687
0.61299156 0.65076480
0.61248847 0.65124239
0.61198508 0.65171964
0.61148138 0.65219654
0.61097737 0.65267310
0.61047305 0.65314932
0.60996842 0.65362519
0.60946349 0.65410071
0.60895826 0.65457589
0.60845272 0.65505072
0.60794687 0.65552521
0.60744072 0.65599935
0.60693426 0.65647314
0.60642751 0.65694659
0.60592045 0.65741969
0.60541308 0.65789244
0.60490542 0.65836484
0.60439745 0.65883689
0.60388919 0.65930859
0.60338062 0.65977995
0.60287175 0.66025095
0.60236259 0.66072160
0.60185312 0.66119191
0.60134336 0.66166186
0.60083330 0.66213146
0.60032294 0.66260071
0.59981229 0.66306960
0.59930134 0.66353815
0.59879009 0.66400634
0.59827855 0.66447418
0.59776671 0.66494166
0.59725459 0.66540879
0.59674216 0.66587557
0.59622945 0.66634200
0.59571644 0.66680806
0.59520314 0.66727378
0.59468955 0.66773913
0.59417567 0.66820414
0.59366150 0.66866878
0.59314704 0.66913307
0.59263229 0.66959700
0.59211725 0.67006058
0.59160193 0.67052380
0.59108631 0.67098666
0.59057041 0.67144916
0.59005423 0.67191131
0.58953775 0.67237309
0.58902100 0.67283452
0.58850396 0.67329559
0.58798663 0.67375630
0.58746902 0.67421664
0.58695113 0.67467663
0.58643295 0.67513626
0.58591450 0.67559552
0.58539576 0.67605443
0.58487674 0.67651297
0.58435745 0.67697116
0.58383787 0.67742898
0.58331801 0.67788643
0.58279788 0.67834353
0.58227747 0.67880026
0.58175678 0.67925663
0.58123581 0.67971264
0.58071457 0.68016828
0.58019305 0.68062356
0.57967126 0.68107847
0.57914919 0.68153302
0.57862685 0.68198720
0.57810424 0.68244102
0.57758136 0.68289447
0.57705820 0.68334756
0.57653477 0.68380028
0.57601107 0.68425263
0.57548710 0.68470462
0.57496286 0.68515624
0.57443836 0.68560750
0.57391358 0.68605838
0.57338854 0.68650890
0.57286323 0.68695905
0.57233765 0.68740883
0.57181181 0.68785824
0.57128570 0.68830729
0.57075933 0.68875596
0.57023269 0.68920427
0.56970579 0.68965220
0.56917863 0.69009977
0.56865120 0.69054697
0.56812352 0.69099379
0.56759557 0.69144025
0.56706736 0.69188633
0.56653889 0.69233204
0.56601017 0.69277738
0.56548118 0.69322235
0.56495194 0.69366695
0.56442244 0.69411117
0.56389268 0.69455503
0.56336267 0.69499851
0.56283241 0.69544161
0.56230188 0.69588435
0.56177111 0.69632671
0.56124008 0.69676869
0.56070879 0.69721030
0.56017726 0.69765154
0.55964547 0.69809241
0.55911344 0.69853290
0.55858115 0.69897301
0.55804861 0.69941275
0.55751583 0.69985211
0.55698280 0.70029110
0.55644951 0.70072971
0.55591599 0.70116795
0.55538221 0.70160581
0.55484819 0.70204329
0.55431393 0.70248040
0.55377942 0.70291713
0.55324467 0.70335348
0.55270967 0.70378945
0.55217443 0.70422505
0.55163895 0.70466027
0.55110323 0.70509511
0.55056727 0.70552957
0.55003107 0.70596366
0.54949463 0.70639736
0.54895795 0.70683069
0.54842103 0.70726363
0.54788388 0.70769620
0.54734649 0.70812839
0.54680887 0.70856020
0.54627101 0.70899163
0.54573291 0.70942268
0.54519459 0.70985334
0.54465603 0.71028363
0.54411723 0.71071354
0.54357821 0.71114306
0.54303895 0.71157221
0.54249947 0.71200097
0.54195975 0.71242935
0.54141981 0.71285735
0.54087964 0.71328497
0.54033924 0.71371221
0.53979861 0.71413906
0.53925776 0.71456553
0.53871668 0.71499162
0.53817538 0.71541732
0.53763385 0.71584264
0.53709211 0.71626758
0.53655013 0.71669214
0.53600794 0.71711631
0.53546553 0.71754010
0.53492289 0.71796350
0.53438004 0.71838652
0.53383696 0.71880915
0.53329367 0.71923140
0.53275016 0.71965327
0.53220643 0.72007475
0.53166249 0.72049585
0.53111833 0.72091656
0.53057396 0.72133688
0.53002937 0.72175682
0.52948457 0.72217638
0.52893956 0.72259554
0.52839434 0.72301433
0.52784890 0.72343272
0.52730326 0.72385073
0.52675740 0.72426835
0.52621134 0.72468559
0.52566506 0.72510244
0.52511858 0.72551890
0.52457190 0.72593498
0.52402500 0.72635067
0.52347791 0.72676597
0.52293060 0.72718088
0.52238310 0.72759540
0.52183539 0.72800954
0.52128748 0.72842329
0.52073936 0.72883665
0.52019105 0.72924962
0.51964254 0.72966221
0.51909382 0.73007440
0.51854491 0.73048621
0.51799580 0.73089763
0.51744649 0.73130866
0.51689699 0.73171930
0.51634729 0.73212955
0.51579740 0.73253941
0.51524731 0.73294888
0.51469703 0.73335796
0.51414656 0.73376665
0.51359589 0.73417495
0.51304504 0.73458287
0.51249399 0.73499039
0.51194276 0.73539752
0.51139133 0.73580426
0.51083972 0.73621061
0.51028792 0.73661657
0.50973594 0.73702214
0.50918377 0.73742731
0.50863141 0.73783210
0.50807887 0.73823650
0.50752615 0.73864050
0.50697324 0.73904411
0.50642015 0.73944733
0.50586688 0.73985016
0.50531344 0.74025260
0.50475981 0.74065465
0.50420600 0.74105630
0.50365202 0.74145756
0.50309786 0.74185843
0.50254352 0.74225891
0.50198900 0.74265899
0.50143432 0.74305868
0.50087945 0.74345798
0.50032442 0.74385689
0.49976921 0.74425541
0.49921383 0.74465353
0.49865829 0.74505126
0.49810257 0.74544859
0.49754668 0.74584553
0.49699062 0.74624208
0.49643440 0.74663824
0.49587801 0.74703400
0.49532145 0.74742937
0.49476473 0.74782434
0.49420785 0.74821892
0.49365080 0.74861311
0.49309358 0.74900690
0.49253621 0.74940030
0.49197868 0.74979331
0.49142098 0.75018592
0.49086313 0.75057814
0.49030512 0.75096996
0.48974695 0.75136139
0.48918862 0.75175242
0.48863014 0.75214306
0.48807150 0.75253331
0.48751270 0.75292316
0.48695376 0.75331261
0.48639466 0.75370167
0.48583541 0.75409034
0.48527600 0.75447861
0.48471645 0.75486648
0.48415675 0.75525397
0.48359690 0.75564105
0.48303690 0.75602774
0.48247676 0.75641404
0.48191646 0.75679994
0.48135603 0.75718544
0.48079545 0.75757055
0.48023472 0.75795526
0.47967385 0.75833958
0.47911284 0.75872350
0.47855169 0.75910703
0.47799040 0.75949016
0.47742897 0.75987290
0.47686741 0.76025524
0.47630570 0.76063718
0.47574386 0.76101873
0.47518188 0.76139988
0.47461976 0.76178063
0.47405751 0.76216099
0.47349513 0.76254096
0.47293262 0.76292053
0.47236997 0.76329970
0.47180720 0.76367847
0.47124429 0.76405685
0.47068125 0.76443483
0.47011809 0.76481242
0.46955480 0.76518961
0.46899138 0.76556640
0.46842784 0.76594280
0.46786417 0.76631880
0.46730038 0.76669440
0.46673646 0.76706961
0.46617242 0.76744442
0.46560827 0.76781884
0.46504399 0.76819285
0.46447959 0.76856647
0.46391507 0.76893970
0.46335044 0.76931253
0.46278569 0.76968496
0.46222082 0.77005699
0.46165584 0.77042863
0.46109074 0.77079987
0.46052553 0.77117071
0.45996021 0.77154116
0.45939477 0.77191121
0.45882923 0.77228086
0.45826357 0.77265012
0.45769781 0.77301898
0.45713194 0.77338744
0.45656596 0.77375551
0.45599988 0.77412318
0.45543369 0.77449045
0.45486739 0.77485732
0.45430099 0.77522380
0.45373449 0.77558988
0.45316789 0.77595557
0.45260119 0.77632085
0.45203438 0.77668574
0.45146748 0.77705024
0.45090048 0.77741433
0.45033339 0.77777803
0.44976619 0.77814134
0.44919890 0.77850424
0.44863152 0.77886675
0.44806404 0.77922886
0.44749647 0.77959058
0.44692881 0.77995190
0.44636106 0.78031282
0.44579322 0.78067334
0.44522529 0.78103347
0.44465727 0.78139320
0.44408917 0.78175253
0.44352097 0.78211147
0.44295270 0.78247001
0.44238433 0.78282815
0.44181589 0.78318590
0.44124736 0.78354325
0.44067875 0.78390020
0.44011006 0.78425676
0.43954129 0.78461292
0.43897245 0.78496868
0.43840352 0.78532405
0.43783452 0.78567902
0.43726544 0.78603359
0.43669629 0.78638776
0.43612706 0.78674154
0.43555776 0.78709493
0.43498838 0.78744791
0.43441894 0.78780050
0.43384942 0.78815270
0.43327984 0.78850449
0.43271019 0.78885589
0.43214047 0.78920690
0.43157068 0.78955751
0.43100083 0.78990772
0.43043091 0.79025753
0.42986093 0.79060695
0.42929089 0.79095598
0.42872078 0.79130460
0.42815062 0.79165283
0.42758039 0.79200067
0.42701010 0.79234811
0.42643976 0.79269515
0.42586936 0.79304180
0.42529891 0.79338805
0.42472839 0.79373390
0.42415783 0.79407936
0.42358721 0.79442443
0.42301654 0.79476910
0.42244582 0.79511337
0.42187505 0.79545724
0.42130422 0.79580073
0.42073335 0.79614381
0.42016244 0.79648650
0.41959147 0.79682880
0.41902046 0.79717070
0.41844941 0.79751220
0.41787831 0.79785331
0.41730717 0.79819403
0.41673599 0.79853434
0.41616477 0.79887427
0.41559351 0.79921380
0.41502221 0.79955293
0.41445087 0.79989167
0.41387950 0.80023002
0.41330809 0.80056797
0.41273664 0.80090552
0.41216516 0.80124268
0.41159365 0.80157945
0.41102211 0.80191582
0.41045053 0.80225180
0.40987893 0.80258738
0.40930730 0.80292257
0.40873564 0.80325737
0.40816395 0.80359177
0.40759224 0.80392578
0.40702050 0.80425939
0.40644874 0.80459261
0.40587695 0.80492543
0.40530515 0.80525787
0.40473332 0.80558990
0.40416147 0.80592155
0.40358961 0.80625280
0.40301772 0.80658366
0.40244582 0.80691412
0.40187391 0.80724419
0.40130198 0.80757387
0.40073003 0.80790316
0.40015807 0.80823205
0.39958610 0.80856055
0.39901412 0.80888866
0.39844213 0.80921637
0.39787013 0.80954370
0.39729813 0.80987062
0.39672611 0.81019716
0.39615409 0.81052331
0.39558207 0.81084906
0.39501004 0.81117442
0.39443801 0.81149939
0.39386598 0.81182397
0.39329394 0.81214815
0.39272191 0.81247194
0.39214988 0.81279535
0.39157785 0.81311836
0.39100582 0.81344097
0.39043380 0.81376320
0.38986179 0.81408504
0.38928978 0.81440648
0.38871778 0.81472754
0.38814578 0.81504820
0.38757380 0.81536847
0.38700182 0.81568835
0.38642986 0.81600785
0.38585791 0.81632695
0.38528598 0.81664566
0.38471406 0.81696398
0.38414215 0.81728191
0.38357026 0.81759945
0.38299839 0.81791660
0.38242654 0.81823336
0.38185471 0.81854973
0.38128289 0.81886571
0.38071110 0.81918130
0.38013934 0.81949651
0.37956760 0.81981132
0.37899588 0.82012574
0.37842419 0.82043978
0.37785252 0.82075343
0.37728088 0.82106668
0.37670928 0.82137955
0.37613770 0.82169203
0.37556615 0.82200413
0.37499464 0.82231583
0.37442316 0.82262715
0.37385172 0.82293808
0.37328031 0.82324862
0.37270893 0.82355877
0.37213760 0.82386853
0.37156630 0.82417791
0.37099504 0.82448690
0.37042382 0.82479551
0.36985265 0.82510372
0.36928151 0.82541155
0.36871043 0.82571899
0.36813938 0.82602605
0.36756838 0.82633272
0.36699743 0.82663900
0.36642653 0.82694490
0.36585568 0.82725041
0.36528487 0.82755553
0.36471412 0.82786027
0.36414342 0.82816463
0.36357278 0.82846859
0.36300219 0.82877218
0.36243165 0.82907537
0.36186117 0.82937819
0.36129075 0.82968061
0.36072038 0.82998265
0.36015008 0.83028431
0.35957984 0.83058559
0.35900966 0.83088647
0.35843954 0.83118698
0.35786949 0.83148710
0.35729950 0.83178683
0.35672958 0.83208619
0.35615972 0.83238516
0.35558994 0.83268374
0.35502022 0.83298194
0.35445057 0.83327976
0.35388100 0.83357720
0.35331149 0.83387425
0.35274207 0.83417092
0.35217271 0.83446721
0.35160344 0.83476311
0.35103423 0.83505864
0.35046511 0.83535378
0.34989607 0.83564854
0.34932711 0.83594291
0.34875822 0.83623691
0.34818942 0.83653052
0.34762071 0.83682376
0.34705208 0.83711661
0.34648353 0.83740908
0.34591507 0.83770117
0.34534670 0.83799288
0.34477842 0.83828421
0.34421023 0.83857516
0.34364212 0.83886572
0.34307412 0.83915591
0.34250620 0.83944572
0.34193838 0.83973515
0.34137065 0.84002420
0.34080302 0.84031287
0.34023549 0.84060116
0.33966806 0.84088907
0.33910073 0.84117661
0.33853349 0.84146376
0.33796636 0.84175054
0.33739934 0.84203694
0.33683241 0.84232296
0.33626560 0.84260860
0.33569888 0.84289387
0.33513228 0.84317875
0.33456579 0.84346326
0.33399940 0.84374739
0.33343313 0.84403115
0.33286696 0.84431453
0.33230091 0.84459753
0.33173498 0.84488016
0.33116916 0.84516241
0.33060346 0.84544428
0.33003787 0.84572578
0.32947240 0.84600690
0.32890705 0.84628764
0.32834183 0.84656801
0.32777672 0.84684801
0.32721174 0.84712763
0.32664688 0.84740688
0.32608215 0.84768575
0.32551754 0.84796424
0.32495306 0.84824237
0.32438871 0.84852012
0.32382449 0.84879749
0.32326040 0.84907449
0.32269644 0.84935112
0.32213261 0.84962737
0.32156892 0.84990325
0.32100536 0.85017876
0.32044194 0.85045390
0.31987866 0.85072866
0.31931552 0.85100305
0.31875251 0.85127707
0.31818965 0.85155072
0.31762693 0.85182399
0.31706435 0.85209690
0.31650191 0.85236943
0.31593962 0.85264159
0.31537748 0.85291338
0.31481549 0.85318480
0.31425364 0.85345585
0.31369194 0.85372653
0.31313040 0.85399684
0.31256900 0.85426677
0.31200776 0.85453634
0.31144667 0.85480554
0.31088574 0.85507437
0.31032497 0.85534283
0.30976435 0.85561093
0.30920389 0.85587865
0.30864359 0.85614601
0.30808345 0.85641299
0.30752348 0.85667961
0.30696367 0.85694586
0.30640402 0.85721175
0.30584454 0.85747726
0.30528522 0.85774241
0.30472607 0.85800719
0.30416709 0.85827161
0.30360828 0.85853566
0.30304965 0.85879934
0.30249118 0.85906266
0.30193289 0.85932561
0.30137477 0.85958819
0.30081683 0.85985041
0.30025906 0.86011226
0.29970148 0.86037375
0.29914407 0.86063488
0.29858684 0.86089564
0.29802979 0.86115603
0.29747293 0.86141606
0.29691625 0.86167573
0.29635975 0.86193503
0.29580344 0.86219397
0.29524732 0.86245255
0.29469138 0.86271076
0.29413564 0.86296861
0.29358008 0.86322610
0.29302472 0.86348322
0.29246955 0.86373999
0.29191457 0.86399639
0.29135979 0.86425243
0.29080521 0.86450810
0.29025082 0.86476342
0.28969663 0.86501838
0.28914264 0.86527297
0.28858885 0.86552721
0.28803526 0.86578108
0.28748188 0.86603459
0.28692869 0.86628775
0.28637572 0.86654054
0.28582295 0.86679298
0.28527039 0.86704505
0.28471804 0.86729677
0.28416589 0.86754813
0.28361396 0.86779912
0.28306224 0.86804977
0.28251074 0.86830005
0.28195944 0.86854997
0.28140837 0.86879954
0.28085751 0.86904875
0.28030687 0.86929760
0.27975644 0.86954610
0.27920624 0.86979424
0.27865626 0.87004202
0.27810650 0.87028945
0.27755697 0.87053652
0.27700766 0.87078324
0.27645857 0.87102960
0.27590971 0.87127560
0.27536109 0.87152125
0.27481269 0.87176655
0.27426452 0.87201149
0.27371658 0.87225607
0.27316887 0.87250031
0.27262140 0.87274418
0.27207417 0.87298771
0.27152717 0.87323088
0.27098040 0.87347370
0.27043388 0.87371617
0.26988760 0.87395828
0.26934155 0.87420004
0.26879575 0.87444145
0.26825020 0.87468251
0.26770488 0.87492321
0.26715981 0.87516357
0.26661499 0.87540357
0.26607042 0.87564322
0.26552609 0.87588253
0.26498202 0.87612148
0.26443820 0.87636008
0.26389463 0.87659833
0.26335131 0.87683623
0.26280825 0.87707379
0.26226544 0.87731099
0.26172289 0.87754785
0.26118060 0.87778435
0.26063856 0.87802051
0.26009679 0.87825632
0.25955528 0.87849178
0.25901403 0.87872690
0.25847305 0.87896167
0.25793233 0.87919609
0.25739188 0.87943016
0.25685170 0.87966389
0.25631178 0.87989727
0.25577213 0.88013030
0.25523276 0.88036299
0.25469365 0.88059534
0.25415482 0.88082734
0.25361627 0.88105899
0.25307799 0.88129030
0.25253998 0.88152126
0.25200226 0.88175188
0.25146481 0.88198216
0.25092764 0.88221209
0.25039075 0.88244168
0.24985415 0.88267093
0.24931783 0.88289983
0.24878180 0.88312839
0.24824605 0.88335661
0.24771059 0.88358449
0.24717541 0.88381202
0.24664053 0.88403922
0.24610593 0.88426607
0.24557163 0.88449258
0.24503762 0.88471875
0.24450391 0.88494458
0.24397049 0.88517007
0.24343736 0.88539521
0.24290454 0.88562002
0.24237201 0.88584449
0.24183978 0.88606862
0.24130785 0.88629242
0.24077623 0.88651587
0.24024491 0.88673898
0.23971389 0.88696176
0.23918318 0.88718420
0.23865277 0.88740630
0.23812268 0.88762806
0.23759289 0.88784949
0.23706341 0.88807058
0.23653424 0.88829133
0.23600539 0.88851175
0.23547685 0.88873183
0.23494862 0.88895158
0.23442072 0.88917099
0.23389312 0.88939006
0.23336585 0.88960881
0.23283889 0.88982721
0.23231226 0.89004528
0.23178595 0.89026302
0.23125996 0.89048042
0.23073430 0.89069749
0.23020896 0.89091423
0.22968394 0.89113064
0.22915926 0.89134671
0.22863490 0.89156245
0.22811087 0.89177785
0.22758718 0.89199293
0.22706381 0.89220767
0.22654078 0.89242208
0.22601809 0.89263616
0.22549573 0.89284992
0.22497371 0.89306334
0.22445202 0.89327643
0.22393067 0.89348919
0.22340967 0.89370162
0.22288900 0.89391372
0.22236868 0.89412549
0.22184870 0.89433693
0.22132907 0.89454805
0.22080978 0.89475883
0.22029084 0.89496929
0.21977225 0.89517942
0.21925401 0.89538923
0.21873612 0.89559871
0.21821858 0.89580786
0.21770139 0.89601668
0.21718456 0.89622518
0.21666809 0.89643335
0.21615197 0.89664119
0.21563620 0.89684871
0.21512080 0.89705591
0.21460575 0.89726278
0.21409107 0.89746932
0.21357675 0.89767555
0.21306279 0.89788144
0.21254920 0.89808702
0.21203597 0.89829227
0.21152311 0.89849720
0.21101062 0.89870180
0.21049850 0.89890608
0.20998675 0.89911004
0.20947536 0.89931368
0.20896435 0.89951700
0.20845372 0.89971999
0.20794346 0.89992267
0.20743358 0.90012502
0.20692407 0.90032705
0.20641494 0.90052877
0.20590619 0.90073016
0.20539782 0.90093123
0.20488984 0.90113199
0.20438223 0.90133242
0.20387501 0.90153254
0.20336818 0.90173233
0.20286173 0.90193181
0.20235567 0.90213097
0.20185000 0.90232982
0.20134471 0.90252834
0.20083982 0.90272655
0.20033532 0.90292445
0.19983122 0.90312202
0.19932751 0.90331928
0.19882419 0.90351623
0.19832127 0.90371286
0.19781875 0.90390917
0.19731663 0.90410517
0.19681491 0.90430085
0.19631359 0.90449622
0.19581267 0.90469128
0.19531215 0.90488602
0.19481204 0.90508045
0.19431234 0.90527456
0.19381304 0.90546836
0.19331415 0.90566185
0.19281567 0.90585503
0.19231760 0.90604790
0.19181994 0.90624045
0.19132270 0.90643269
0.19082586 0.90662462
0.19032945 0.90681624
0.18983345 0.90700755
0.18933786 0.90719855
0.18884270 0.90738924
0.18834795 0.90757962
0.18785363 0.90776969
0.18735972 0.90795945
0.18686624 0.90814891
0.18637319 0.90833805
0.18588056 0.90852689
0.18538835 0.90871542
0.18489657 0.90890364
0.18440523 0.90909155
0.18391431 0.90927916
0.18342382 0.90946646
0.18293376 0.90965345
0.18244414 0.90984014
0.18195495 0.91002652
0.18146620 0.91021260
0.18097788 0.91039837
0.18049000 0.91058384
0.18000256 0.91076900
0.17951556 0.91095386
0.17902900 0.91113841
0.17854288 0.91132266
0.17805721 0.91150661
0.17757198 0.91169025
0.17708719 0.91187359
0.17660285 0.91205663
0.17611896 0.91223937
0.17563552 0.91242180
0.17515253 0.91260394
0.17466999 0.91278577
0.17418790 0.91296730
0.17370627 0.91314853
0.17322509 0.91332946
0.17274436 0.91351009
0.17226410 0.91369042
0.17178429 0.91387045
0.17130493 0.91405019
0.17082604 0.91422962
0.17034761 0.91440876
0.16986965 0.91458759
0.16939214 0.91476613
0.16891510 0.91494437
0.16843853 0.91512232
0.16796242 0.91529996
0.16748679 0.91547732
0.16701162 0.91565437
0.16653692 0.91583113
0.16606269 0.91600759
0.16558893 0.91618376
0.16511565 0.91635963
0.16464284 0.91653521
0.16417051 0.91671049
0.16369865 0.91688548
0.16322728 0.91706017
0.16275638 0.91723458
0.16228596 0.91740868
0.16181602 0.91758250
0.16134657 0.91775602
0.16087760 0.91792925
0.16040911 0.91810219
0.15994111 0.91827484
0.15947359 0.91844719
0.15900657 0.91861925
0.15854003 0.91879103
0.15807398 0.91896251
0.15760843 0.91913370
0.15714336 0.91930461
0.15667879 0.91947522
0.15621472 0.91964554
0.15575114 0.91981558
0.15528805 0.91998532
0.15482547 0.92015478
0.15436338 0.92032395
0.15390179 0.92049283
0.15344070 0.92066143
0.15298012 0.92082973
0.15252004 0.92099776
0.15206046 0.92116549
0.15160139 0.92133294
0.15114283 0.92150010
0.15068477 0.92166698
0.15022722 0.92183357
0.14977018 0.92199988
0.14931365 0.92216590
0.14885764 0.92233164
0.14840214 0.92249709
0.14794715 0.92266226
0.14749267 0.92282715
0.14703872 0.92299175
0.14658528 0.92315607
0.14613235 0.92332011
0.14567995 0.92348387
0.14522807 0.92364734
0.14477671 0.92381053
0.14432588 0.92397345
0.14387556 0.92413608
0.14342577 0.92429843
0.14297651 0.92446050
0.14252778 0.92462229
0.14207957 0.92478380
0.14163189 0.92494503
0.14118475 0.92510598
0.14073813 0.92526666
0.14029205 0.92542705
0.13984650 0.92558717
0.13940148 0.92574701
0.13895700 0.92590657
0.13851306 0.92606586
0.13806965 0.92622487
0.13762679 0.92638360
0.13718446 0.92654205
0.13674267 0.92670023
0.13630143 0.92685814
0.13586073 0.92701577
0.13542057 0.92717312
0.13498096 0.92733020
0.13454190 0.92748700
0.13410338 0.92764354
0.13366541 0.92779979
0.13322799 0.92795578
0.13279112 0.92811149
0.13235481 0.92826693
0.13191904 0.92842209
0.13148383 0.92857699
0.13104917 0.92873161
0.13061507 0.92888596
0.13018153 0.92904004
0.12974854 0.92919385
0.12931612 0.92934738
0.12888425 0.92950065
0.12845294 0.92965365
0.12802220 0.92980638
0.12759202 0.92995884
0.12716240 0.93011103
0.12673335 0.93026295
0.12630486 0.93041460
0.12587695 0.93056598
0.12544960 0.93071710
0.12502282 0.93086795
0.12459661 0.93101853
0.12417097 0.93116885
0.12374590 0.93131890
0.12332141 0.93146868
0.12289749 0.93161820
0.12247415 0.93176745
0.12205138 0.93191644
0.12162919 0.93206516
0.12120758 0.93221362
0.12078655 0.93236181
0.12036610 0.93250974
0.11994624 0.93265741
0.11952695 0.93280481
0.11910825 0.93295195
0.11869013 0.93309882
0.11827260 0.93324544
0.11785566 0.93339179
0.11743930 0.93353788
0.11702354 0.93368371
0.11660836 0.93382928
0.11619377 0.93397458
0.11577978 0.93411963
0.11536638 0.93426442
0.11495357 0.93440894
0.11454136 0.93455321
0.11412974 0.93469722
0.11371872 0.93484097
0.11330830 0.93498446
0.11289848 0.93512769
0.11248926 0.93527066
0.11208064 0.93541338
0.11167262 0.93555584
0.11126520 0.93569804
0.11085839 0.93583998
0.11045218 0.93598167
0.11004658 0.93612310
0.10964159 0.93626428
0.10923720 0.93640520
0.10883342 0.93654587
0.10843026 0.93668628
0.10802770 0.93682644
0.10762576 0.93696634
0.10722442 0.93710599
0.10682371 0.93724538
0.10642361 0.93738453
0.10602412 0.93752342
0.10562525 0.93766205
0.10522700 0.93780044
0.10482937 0.93793857
0.10443235 0.93807645
0.10403596 0.93821408
0.10364019 0.93835146
0.10324504 0.93848858
0.10285052 0.93862546
0.10245662 0.93876209
0.10206335 0.93889846
0.10167070 0.93903459
0.10127869 0.93917047
0.10088730 0.93930610
0.10049654 0.93944148
0.10010641 0.93957661
0.09971691 0.93971150
0.09932804 0.93984614
0.09893981 0.93998053
0.09855221 0.94011467
0.09816525 0.94024856
0.09777893 0.94038221
0.09739324 0.94051562
0.09700819 0.94064878
0.09662378 0.94078169
0.09624001 0.94091436
0.09585688 0.94104678
0.09547439 0.94117896
0.09509255 0.94131089
0.09471135 0.94144258
0.09433079 0.94157403
0.09395088 0.94170523
0.09357162 0.94183619
0.09319301 0.94196691
0.09281504 0.94209739
0.09243773 0.94222762
0.09206106 0.94235761
0.09168505 0.94248737
0.09130969 0.94261688
0.09093498 0.94274614
0.09056093 0.94287517
0.09018753 0.94300396
0.08981479 0.94313251
0.08944271 0.94326082
0.08907128 0.94338889
0.08870051 0.94351672
0.08833041 0.94364432
0.08796096 0.94377167
0.08759218 0.94389879
0.08722405 0.94402567
0.08685660 0.94415231
0.08648980 0.94427871
0.08612368 0.94440488
0.08575822 0.94453081
0.08539342 0.94465651
0.08502930 0.94478197
0.08466584 0.94490720
0.08430305 0.94503219
0.08394094 0.94515694
0.08357950 0.94528146
0.08321873 0.94540575
0.08285863 0.94552980
0.08249921 0.94565362
0.08214046 0.94577721
0.08178239 0.94590056
0.08142500 0.94602368
0.08106829 0.94614657
0.08071225 0.94626922
0.08035690 0.94639165
0.08000222 0.94651384
0.07964823 0.94663580
0.07929492 0.94675753
0.07894230 0.94687903
0.07859035 0.94700030
0.07823910 0.94712134
0.07788853 0.94724216
0.07753865 0.94736274
0.07718945 0.94748309
0.07684095 0.94760322
0.07649313 0.94772311
0.07614601 0.94784278
0.07579957 0.94796222
0.07545383 0.94808143
0.07510879 0.94820042
0.07476443 0.94831918
0.07442078 0.94843771
0.07407781 0.94855602
0.07373555 0.94867410
0.07339398 0.94879196
0.07305311 0.94890959
0.07271294 0.94902699
0.07237347 0.94914418
0.07203470 0.94926113
0.07169664 0.94937787
0.07135927 0.94949437
0.07102261 0.94961066
0.07068666 0.94972672
0.07035141 0.94984256
0.07001687 0.94995818
0.06968303 0.95007358
0.06934990 0.95018875
0.06901748 0.95030370
0.06868577 0.95041844
0.06835477 0.95053295
0.06802448 0.95064724
0.06769491 0.95076131
0.06736605 0.95087516
0.06703790 0.95098879
0.06671046 0.95110220
0.06638374 0.95121539
0.06605774 0.95132836
0.06573246 0.95144111
0.06540789 0.95155365
0.06508404 0.95166597
0.06476091 0.95177807
0.06443850 0.95188995
0.06411682 0.95200162
0.06379585 0.95211307
0.06347561 0.95222431
0.06315609 0.95233532
0.06283730 0.95244613
0.06251923 0.95255671
0.06220189 0.95266709
0.06188527 0.95277724
0.06156938 0.95288719
0.06125423 0.95299691
0.06093980 0.95310643
0.06062610 0.95321573
0.06031313 0.95332482
0.06000089 0.95343369
0.05968939 0.95354236
0.05937862 0.95365081
0.05906859 0.95375904
0.05875928 0.95386707
0.05845072 0.95397488
0.05814289 0.95408249
0.05783580 0.95418988
0.05752945 0.95429706
0.05722383 0.95440404
0.05691896 0.95451080
0.05661483 0.95461735
0.05631144 0.95472369
0.05600879 0.95482983
0.05570688 0.95493575
0.05540571 0.95504147
0.05510530 0.95514698
0.05480562 0.95525228
0.05450669 0.95535737
0.05420851 0.95546226
0.05391108 0.95556694
0.05361439 0.95567141
0.05331846 0.95577568
0.05302327 0.95587974
0.05272883 0.95598360
0.05243515 0.95608725
0.05214222 0.95619069
0.05185004 0.95629393
0.05155861 0.95639696
0.05126794 0.95649980
0.05097802 0.95660242
0.05068886 0.95670485
0.05040046 0.95680707
0.05011281 0.95690908
0.04982592 0.95701090
0.04953979 0.95711251
0.04925442 0.95721392
0.04896981 0.95731513
0.04868596 0.95741613
0.04840287 0.95751694
0.04812054 0.95761754
0.04783898 0.95771795
0.04755818 0.95781815
0.04727815 0.95791815
0.04699888 0.95801796
0.04672038 0.95811756
0.04644264 0.95821697
0.04616567 0.95831617
0.04588947 0.95841518
0.04561404 0.95851399
0.04533938 0.95861260
0.04506549 0.95871102
0.04479237 0.95880923
0.04452002 0.95890725
0.04424844 0.95900507
0.04397764 0.95910270
0.04370761 0.95920013
0.04343836 0.95929736
0.04316988 0.95939440
0.04290218 0.95949124
0.04263525 0.95958789
0.04236910 0.95968435
0.04210373 0.95978060
0.04183914 0.95987667
0.04157532 0.95997254
0.04131229 0.96006822
0.04105004 0.96016370
0.04078857 0.96025899
0.04052788 0.96035409
0.04026797 0.96044900
0.04000885 0.96054371
0.03975051 0.96063823
0.03949296 0.96073256
0.03923619 0.96082670
0.03898021 0.96092065
0.03872502 0.96101441
0.03847061 0.96110797
0.03821699 0.96120135
0.03796416 0.96129454
0.03771212 0.96138754
0.03746087 0.96148035
0.03721041 0.96157297
0.03696074 0.96166540
0.03671187 0.96175764
0.03646378 0.96184970
0.03621649 0.96194156
0.03597000 0.96203324
0.03572430 0.96212474
0.03547939 0.96221604
0.03523528 0.96230716
0.03499197 0.96239809
0.03474945 0.96248884
0.03450773 0.96257940
0.03426681 0.96266978
0.03402669 0.96275997
0.03378737 0.96284997
0.03354885 0.96293980
0.03331113 0.96302943
0.03307421 0.96311889
0.03283809 0.96320816
0.03260278 0.96329724
0.03236827 0.96338614
0.03213457 0.96347486
0.03190166 0.96356340
0.03166957 0.96365176
0.03143828 0.96373993
0.03120780 0.96382792
0.03097812 0.96391573
0.03074925 0.96400336
0.03052119 0.96409081
0.03029394 0.96417807
0.03006750 0.96426516
0.02984186 0.96435207
0.02961704 0.96443879
0.02939303 0.96452534
0.02916983 0.96461171
0.02894745 0.96469790
0.02872588 0.96478391
0.02850512 0.96486974
0.02828517 0.96495540
0.02806604 0.96504088
0.02784773 0.96512618
0.02763023 0.96521130
0.02741354 0.96529624
0.02719768 0.96538101
0.02698263 0.96546560
0.02676840 0.96555002
0.02655499 0.96563426
0.02634239 0.96571833
0.02613062 0.96580222
0.02591967 0.96588593
0.02570954 0.96596947
0.02550023 0.96605284
0.02529174 0.96613603
0.02508408 0.96621905
0.02487723 0.96630189
0.02467122 0.96638456
0.02446602 0.96646706
0.02426165 0.96654939
0.02405811 0.96663154
0.02385539 0.96671352
0.02365350 0.96679533
0.02345243 0.96687697
0.02325220 0.96695843
0.02305279 0.96703973
0.02285420 0.96712085
0.02265645 0.96720181
0.02245953 0.96728259
0.02226344 0.96736320
0.02206817 0.96744365
0.02187374 0.96752392
0.02168014 0.96760403
0.02148737 0.96768397
0.02129544 0.96776373
0.02110434 0.96784333
0.02091407 0.96792276
0.02072463 0.96800203
0.02053603 0.96808113
0.02034827 0.96816005
0.02016134 0.96823882
0.01997525 0.96831741
0.01978999 0.96839584
0.01960557 0.96847411
0.01942199 0.96855220
0.01923924 0.96863013
0.01905734 0.96870790
0.01887627 0.96878550
0.01869604 0.96886294
0.01851666 0.96894021
0.01833811 0.96901732
0.01816040 0.96909426
0.01798354 0.96917104
0.01780752 0.96924766
0.01763233 0.96932412
0.01745800 0.96940041
0.01728450 0.96947654
0.01711185 0.96955250
0.01694004 0.96962831
0.01676908 0.96970395
0.01659896 0.96977943
0.01642969 0.96985475
0.01626126 0.96992991
0.01609368 0.97000491
0.01592695 0.97007974
0.01576106 0.97015442
0.01559602 0.97022894
0.01543183 0.97030330
0.01526849 0.97037749
0.01510600 0.97045153
0.01494436 0.97052541
0.01478356 0.97059914
0.01462362 0.97067270
0.01446453 0.97074610
0.01430628 0.97081935
0.01414889 0.97089244
0.01399235 0.97096538
0.01383667 0.97103815
0.01368183 0.97111077
0.01352785 0.97118323
0.01337473 0.97125554
0.01322246 0.97132769
0.01307104 0.97139969
0.01292047 0.97147153
0.01277076 0.97154321
0.01262191 0.97161474
0.01247391 0.97168612
0.01232677 0.97175734
0.01218049 0.97182840
0.01203506 0.97189932
0.01189049 0.97197008
0.01174678 0.97204068
0.01160393 0.97211113
0.01146193 0.97218143
0.01132080 0.97225158
0.01118052 0.97232158
0.01104111 0.97239142
0.01090255 0.97246111
0.01076485 0.97253065
0.01062802 0.97260004
0.01049205 0.97266928
0.01035693 0.97273837
0.01022268 0.97280730
0.01008930 0.97287609
0.00995677 0.97294473
0.00982511 0.97301321
0.00969431 0.97308155
0.00956437 0.97314974
0.00943530 0.97321778
0.00930710 0.97328567
0.00917975 0.97335341
0.00905328 0.97342100
0.00892766 0.97348845
0.00880292 0.97355575
0.00867904 0.97362290
0.00855603 0.97368991
0.00843388 0.97375676
0.00831260 0.97382347
0.00819219 0.97389004
0.00807264 0.97395646
0.00795397 0.97402273
0.00783616 0.97408885
0.00771922 0.97415484
0.00760315 0.97422067
0.00748795 0.97428636
0.00737361 0.97435191
0.00726015 0.97441731
0.00714756 0.97448257
0.00703584 0.97454769
0.00692499 0.97461266
0.00681501 0.97467749
0.00670590 0.97474217
0.00659766 0.97480671
0.00649030 0.97487111
0.00638381 0.97493537
0.00627819 0.97499948
0.00617344 0.97506346
0.00606956 0.97512729
0.00596656 0.97519098
0.00586443 0.97525453
0.00576318 0.97531794
0.00566280 0.97538120
0.00556330 0.97544433
0.00546467 0.97550732
0.00536691 0.97557017
0.00527003 0.97563287
0.00517403 0.97569544
0.00507890 0.97575787
0.00498464 0.97582016
0.00489127 0.97588232
0.00479877 0.97594433
0.00470714 0.97600620
0.00461640 0.97606794
0.00452653 0.97612954
0.00443753 0.97619100
0.00434942 0.97625233
0.00426218 0.97631352
0.00417582 0.97637457
0.00409034 0.97643549
0.00400574 0.97649627
0.00392202 0.97655691
0.00383918 0.97661742
0.00375721 0.97667779
0.00367613 0.97673803
0.00359592 0.97679813
0.00351659 0.97685810
0.00343815 0.97691793
0.00336058 0.97697763
0.00328390 0.97703719
0.00320810 0.97709663
0.00313317 0.97715592
0.00305913 0.97721509
0.00298597 0.97727412
0.00291369 0.97733302
0.00284229 0.97739178
0.00277178 0.97745042
0.00270215 0.97750892
0.00263340 0.97756729
0.00256553 0.97762553
0.00249854 0.97768363
0.00243244 0.97774161
0.00236722 0.97779946
0.00230288 0.97785717
0.00223943 0.97791475
0.00217686 0.97797221
0.00211517 0.97802953
0.00205437 0.97808673
0.00199445 0.97814379
0.00193542 0.97820073
0.00187727 0.97825753
0.00182000 0.97831421
0.00176362 0.97837076
0.00170812 0.97842718
0.00165351 0.97848347
0.00159979 0.97853964
0.00154695 0.97859568
0.00149499 0.97865159
0.00144392 0.97870737
0.00139374 0.97876303
0.00134444 0.97881856
0.00129602 0.97887396
0.00124850 0.97892924
0.00120186 0.97898439
0.00115610 0.97903941
0.00111123 0.97909431
0.00106725 0.97914909
0.00102416 0.97920374
0.00098195 0.97925826
0.00094063 0.97931266
0.00090019 0.97936694
0.00086065 0.97942109
0.00082199 0.97947512
0.00078422 0.97952902
0.00074733 0.97958280
0.00071133 0.97963646
0.00067622 0.97969000
0.00064200 0.97974341
0.00060866 0.97979670
0.00057622 0.97984987
0.00054466 0.97990291
0.00051399 0.97995584
0.00048421 0.98000864
0.00045531 0.98006132
0.00042730 0.98011388
0.00040019 0.98016632
0.00037396 0.98021863
0.00034862 0.98027083
0.00032416 0.98032291
0.00030060 0.98037487
0.00027792 0.98042670
0.00025614 0.98047842
0.00023524 0.98053002
0.00021523 0.98058150
0.00019611 0.98063286
0.00017788 0.98068410
0.00016054 0.98073523
0.00014409 0.98078623
0.00012852 0.98083712
0.00011385 0.98088789
0.00010006 0.98093854
0.00008717 0.98098907
0.00007516 0.98103949
0.00006404 0.98108979
0.00005381 0.98113998
0.00004447 0.98119004
0.00003602 0.98123999
0.00002846 0.98128983
0.00002179 0.98133955
0.00001601 0.98138915
0.00001112 0.98143864
0.00000712 0.98148801
0.00000400 0.98153727
0.00000178 0.98158642
0.00000044 0.98163545
0.00000000 0.98168436
